-0.925135 0.223766 0.040828
-0.883244 0.297355 -0.093259
-0.784801 0.439686 -0.182171
-0.698833 0.585142 -0.102131
-0.666023 0.639674 0.003630
-0.686524 0.626153 0.069787
-0.670247 0.640436 0.057825
-0.595334 0.712602 0.009964
-0.274214 0.905864 0.132462
0.059115 0.936886 0.221463
0.333509 0.859783 0.319108
0.587859 0.662669 0.363202
0.774740 0.356269 0.316003
0.874664 -0.058203 0.102120
0.784939 -0.448583 -0.280224
0.555046 -0.472913 -0.695496
0.379461 -0.295468 -0.903460
0.249924 -0.069910 -0.971905
0.179169 -0.000826 -0.999895
-0.035999 0.199535 -0.965094
-0.148808 0.303229 -0.899967
-0.295321 0.321593 -0.835722
-0.533805 0.368940 -0.680771
-0.702257 0.415162 -0.447857
-0.848137 0.383312 -0.122471
-0.863028 0.286767 0.318620
-0.867875 0.171031 0.420946
-0.829791 0.049143 0.523638
-0.665337 -0.118365 0.715253
-0.304462 -0.237816 0.865441
-0.067807 -0.672690 0.640402
-0.154110 -1.034028 -0.018642
-0.167179 -0.915502 -0.594124
-0.416474 -0.510855 -0.835467
-0.588603 -0.044442 -0.781843
-0.555853 0.529391 -0.488110
-0.271714 0.847834 -0.286386
0.011424 0.945594 -0.156569
0.141046 0.953012 -0.117731
0.410912 0.856071 -0.218204
0.732852 0.594642 -0.312404
0.755980 0.359668 -0.527706
0.497421 0.087175 -0.865676
-0.094855 -0.376352 -0.950263
-0.531513 -0.439258 -0.773195
-0.778417 -0.286476 -0.573478
-0.933031 -0.147789 -0.293487
-0.970393 0.101504 0.087514
-0.796774 0.211193 0.541496
-0.519614 0.088988 0.822916
-0.393394 -0.184301 0.843591
-0.211333 -0.403768 0.822817
0.015065 -0.598213 0.666959
0.219170 -0.654992 0.560678
0.365151 -0.725146 0.378780
0.350599 -0.592670 0.537389
0.571725 -0.045323 0.641300
0.780392 0.135863 0.355153
0.850866 0.393212 -0.002544
0.688847 0.511663 -0.500344
0.387051 0.361357 -0.828078
0.020349 0.059246 -0.991529
-0.296160 -0.304858 -0.925691
-0.632550 -0.579436 -0.603067
-0.862621 -0.555874 -0.219191
-0.936129 -0.405905 -0.001504
-0.968056 -0.199394 0.211606
-0.809628 -0.107098 0.572946
-0.473064 -0.193144 0.817294
-0.233431 -0.520832 0.756179
-0.151057 -0.811441 0.503547
-0.297745 -0.543640 0.755885
0.123306 0.098281 0.879933
0.618020 0.023574 0.608345
0.875681 0.048312 0.205885
0.799935 0.515684 -0.189273
0.449596 0.814077 -0.343576
-0.313703 0.857733 -0.151311
-0.946483 0.102656 0.199214
-0.739448 -0.709905 0.238436
-0.227704 -1.022288 0.004630
0.132581 -0.991679 -0.235164
0.227665 -0.959274 -0.221322
0.507920 -0.750423 -0.424635
0.698642 -0.498545 -0.480857
0.365501 -0.781538 -0.554772
-0.158134 -1.032925 -0.141812
-0.528198 -0.521511 0.663260
