17.034378 19.482027 40.000000 -41.961524
17.034378 19.482027 10.000000 -20.000000
17.034378 19.482027 -20.000000 10.000000
17.034378 19.482027 -41.961524 40.000000
17.034378 19.482027 -50.000000 61.961524
17.034378 19.482027 -41.961524 70.000000
17.034378 19.482027 -20.000000 61.961524
17.034378 19.482027 10.000000 40.000000
17.034378 19.482027 40.000000 10.000000
17.034378 19.482027 61.961524 -20.000000
17.034378 19.482027 70.000000 -41.961524
17.034378 19.482027 61.961524 -50.000000
17.034378 19.482027 40.000000 -41.961524
17.034378 19.482027 10.000000 -20.000000
17.034378 19.482027 -20.000000 10.000000
17.034378 19.482027 -41.961524 40.000000
17.034378 19.482027 -50.000000 61.961524
17.034378 19.482027 -41.961524 70.000000
17.034378 19.482027 -20.000000 61.961524
17.034378 19.482027 10.000000 40.000000
17.034378 19.482027 40.000000 10.000000
17.034378 19.482027 61.961524 -20.000000
17.034378 19.482027 70.000000 -41.961524
17.034378 19.482027 40.000000 -41.961524
17.034378 19.482027 10.000000 -20.000000
17.034378 19.482027 -20.000000 10.000000
17.034378 19.482027 -41.961524 40.000000
17.034378 19.482027 -50.000000 61.961524
17.034378 19.482027 -41.961524 70.000000
17.034378 19.482027 -20.000000 61.961524
17.034378 19.482027 10.000000 40.000000
17.034378 19.482027 40.000000 10.000000
17.034378 19.482027 61.961524 -20.000000
17.034378 19.482027 70.000000 -41.961524
17.034378 19.482027 61.961524 -50.000000
17.034378 19.482027 40.000000 -41.961524
17.034378 19.482027 10.000000 -20.000000
17.034378 19.482027 -20.000000 10.000000
12.960939 19.852408 -41.961524 40.000000
12.960939 19.852408 -50.000000 61.961524
13.331251 20.037598 -41.961524 70.000000
13.331251 20.037598 -20.000000 61.961524
13.331250 20.222789 10.000000 40.000000
13.331250 20.222789 40.000000 10.000000
13.454688 20.222789 61.961524 -20.000000
13.454688 20.222789 70.000000 -41.961524
13.331250 20.407979 61.961524 -50.000000
13.331250 20.407979 40.000000 -41.961524
12.960937 20.407979 10.000000 -20.000000
12.960937 20.407979 -20.000000 10.000000
12.960937 20.407979 -41.961524 40.000000
12.960937 20.407979 -50.000000 61.961524
12.960937 20.407979 -41.961524 70.000000
12.960937 20.407979 -20.000000 61.961524
12.960937 20.407979 10.000000 40.000000
12.960937 20.407979 40.000000 10.000000
12.960937 20.407979 61.961524 -20.000000
12.960937 20.407979 70.000000 -41.961524
12.960937 20.407979 61.961524 -50.000000
12.960937 20.407979 40.000000 -41.961524
12.960937 20.407979 10.000000 -20.000000
12.960937 20.407979 -20.000000 10.000000
12.960937 20.407979 -41.961524 40.000000
12.960937 20.407979 -50.000000 61.961524
12.960937 20.407979 -41.961524 70.000000
12.960937 20.407979 -20.000000 61.961524
12.960937 20.407979 10.000000 40.000000
12.960937 20.407979 40.000000 10.000000
12.960937 20.407979 61.961524 -20.000000
12.960937 20.407979 70.000000 -41.961524
12.960937 20.407979 61.961524 -50.000000
12.960937 20.407979 40.000000 -41.961524
12.960937 20.407979 10.000000 -20.000000
