8.245666 -17.370857 -0.990075 0.403446
8.245666 -17.370857 -0.874921 0.403446
8.245666 -17.370857 -1.967680 0.403446
8.245666 -17.370857 -0.970469 0.403446
8.245666 -17.370857 -0.590328 0.403446
8.245666 -17.370857 -0.407244 0.403446
8.245666 -17.370857 -0.260619 0.403446
8.245666 -17.370857 -1.096036 0.403446
8.245666 -17.370857 0.163397 0.403446
8.245666 -17.370857 1.097454 0.403446
8.245666 -17.370857 0.626251 0.403446
8.245666 -17.370857 1.040038 0.403446
8.245666 -17.370857 1.546628 0.403446
8.245666 -17.370857 1.468346 0.403446
8.245666 -17.370857 1.656265 0.403446
6.640972 -18.296809 1.648979 0.303167
6.640972 -18.296809 1.649887 0.303167
5.900343 -18.481999 1.688764 0.267503
5.900343 -18.481999 1.281343 0.267503
5.159714 -18.481999 1.374658 0.238957
4.542523 -18.296809 1.525724 0.221639
4.542523 -18.296809 1.554801 0.221639
3.801895 -18.296809 1.573437 0.194388
3.801895 -18.296809 1.672708 0.194388
3.061266 -18.111618 1.362741 0.173499
3.061266 -18.111618 1.181897 0.173499
2.073761 -18.296809 1.004058 0.133938
2.073761 -18.296809 1.169229 0.133938
1.333132 -18.296809 1.571112 0.109369
1.333132 -18.296809 0.825490 0.109369
0.592503 -18.111618 1.199715 0.090581
0.592503 -18.111618 1.359394 0.090581
-0.148126 -17.926428 0.828930 0.072278
-0.148126 -17.926428 1.813467 0.072278
-0.518440 -17.741238 1.317376 0.065718
-0.518440 -17.741238 0.396250 0.065718
-1.259069 -17.370857 0.363864 0.052787
-1.259069 -17.370857 0.524000 0.052787
-1.876259 -17.000476 -0.874995 0.043758
-2.370011 -16.444905 0.522392 0.043127
-2.370011 -16.444905 0.709256 0.043127
-2.863764 -16.074524 0.863849 0.037850
-2.863764 -16.074524 0.184136 0.037850
-3.234078 -15.704143 0.631285 0.036225
-3.234078 -15.704143 1.651127 0.036225
-3.604392 -15.333763 1.618983 0.034605
-3.604392 -15.333763 0.564359 0.034605
-4.098144 -14.963382 0.782386 0.029398
-4.098144 -14.963382 0.748678 0.029398
-4.468458 -14.593001 0.476360 0.027796
-4.468458 -14.593001 0.566960 0.027796
-4.838771 -14.222620 0.387387 0.026197
-4.838771 -14.222620 0.267843 0.026197
-5.332523 -13.852240 0.249168 0.021060
-5.332523 -13.852240 0.344440 0.021060
-5.826275 -13.111478 0.453444 0.024970
-5.826275 -13.111478 0.063491 0.024970
-6.196588 -12.555907 0.664604 0.027918
-6.566901 -11.815146 0.263858 0.035477
-6.566901 -11.815146 0.401538 0.035477
-6.937215 -11.259575 0.322847 0.038475
-6.937215 -11.259575 0.365662 0.038475
-7.307528 -10.704003 0.248196 0.041488
-7.307528 -10.704003 -0.261734 0.041488
-7.677841 -9.963242 -0.260806 0.049210
-7.677841 -9.963242 0.374836 0.049210
-7.924716 -9.222480 0.132020 0.060774
-7.924716 -9.222480 -0.207078 0.060774
-8.171590 -8.481719 0.087366 0.072541
-8.171590 -8.481719 -0.046917 0.072541
-8.295028 -7.926148 -0.367472 0.083442
-8.295028 -7.926148 0.485617 0.083442
-8.418464 -7.185386 0.031260 0.099570
-8.418464 -7.185386 -0.700696 0.099570
-8.418463 -6.259435 -0.470812 0.125374
-8.171586 -5.518673 -0.324244 0.155169
-8.171586 -5.518673 -0.523686 0.155169
-8.048147 -4.777912 0.101060 0.181671
-8.048147 -4.777912 -0.316686 0.181671
-7.924709 -4.222340 -0.322985 0.203224
-7.924709 -4.222340 -0.286499 0.203224
-7.677832 -3.481579 -0.400734 0.235886
-7.677832 -3.481579 -0.443964 0.235886
-7.307518 -2.740817 -0.359942 0.274509
-7.307518 -2.740817 -0.899223 0.274509
-6.813766 -2.000056 -1.112714 0.319588
-6.813766 -2.000056 -0.309072 0.319588
-6.443452 -1.444485 -0.868582 0.354524
-6.443452 -1.444485 -0.704180 0.354524
-5.826262 -0.888914 -0.840931 0.401042
-5.826262 -0.888914 -0.904256 0.401042
-5.332511 -0.333343 -0.802654 0.443463
-4.715321 0.407419 -0.960043 0.499653
-4.715321 0.407419 -0.424177 0.499653
-4.345008 0.962990 -0.713112 0.538406
-4.345008 0.962990 -0.651620 0.538406
-3.851256 1.518561 -0.755093 0.583456
-3.851256 1.518561 -0.589905 0.583456
-3.357505 2.074132 -0.158358 0.629006
-3.357505 2.074132 -0.371091 0.629006
-3.110629 2.814894 -0.079944 0.670621
-3.110629 2.814894 -0.349527 0.670621
-2.863754 3.555655 -0.404145 0.712355
-2.863754 3.555655 0.013075 0.712355
-2.616878 4.481607 0.557908 0.761540
-2.616878 4.481607 0.167699 0.761540
-2.616878 5.222368 0.732458 0.791377
-2.616878 5.222368 0.229026 0.791377
-2.740315 5.777940 0.618732 0.807845
-2.740315 5.777940 0.518422 0.807845
-2.987190 6.333511 0.875635 0.818460
-2.987190 6.333511 0.895833 0.818460
-3.480940 6.703891 0.878231 0.810050
-4.098128 6.889082 1.676385 0.788359
-4.098128 6.889082 1.343277 0.788359
-4.715316 7.259463 1.351699 0.774054
-4.715316 7.259463 1.456742 0.774054
-5.455941 7.444653 1.808402 0.746377
-5.455941 7.444653 2.541401 0.746377
-6.196566 7.444653 1.478140 0.711139
-6.196566 7.444653 1.224222 0.711139
-6.813754 7.629843 1.125540 0.689254
-6.813754 7.629843 1.119667 0.689254
-7.554379 7.815034 1.235931 0.661515
-7.554379 7.815034 1.145012 0.661515
-8.171567 8.000224 1.214244 0.639693
-8.171567 8.000224 0.988490 0.639693
-8.912192 8.185414 2.363779 0.612103
-9.652817 8.185414 1.168778 0.577270
-9.652817 8.185414 1.269105 0.577270
-10.270005 8.370605 1.022787 0.555800
-10.270005 8.370605 1.311627 0.555800
-10.763755 8.555795 2.966236 0.540180
-10.763755 8.555795 1.491640 0.540180
-11.504379 8.926176 1.179461 0.520525
-11.504379 8.926176 1.359888 0.520525
-12.121566 9.111366 0.745302 0.499459
-12.121566 9.111366 2.333999 0.499459
-12.862191 9.296557 1.355437 0.473001
-12.862191 9.296557 1.425443 0.473001
-13.479379 9.296557 1.272883 0.445355
-13.479379 9.296557 0.975394 0.445355
-14.096567 9.296557 1.167562 0.418108
-14.713754 9.481747 0.955559 0.398092
-14.713754 9.481747 1.261063 0.398092
-15.330941 9.481747 1.051872 0.371615
-15.330941 9.481747 1.486074 0.371615
-15.948128 9.852128 1.074019 0.358822
-15.948128 9.852128 1.177276 0.358822
-16.565315 10.037318 1.272508 0.339588
-16.565315 10.037318 1.074082 0.339588
-17.182502 10.222508 1.212396 0.320633
-17.182502 10.222508 0.650477 0.320633
-17.676251 10.778080 0.556026 0.319762
-17.676251 10.778080 0.714555 0.319762
-18.293437 10.963270 0.285373 0.301106
-18.293437 10.963270 0.616154 0.301106
-18.787186 11.333651 -0.550383 0.293930
-19.280934 11.889222 0.752040 0.293078
-19.280934 11.889222 0.709139 0.293078
-19.898120 12.259603 0.354271 0.281057
-19.898120 12.259603 0.284272 0.281057
-20.268431 12.815174 0.716632 0.285107
-20.268431 12.815174 0.474846 0.285107
-20.638742 13.185554 0.689320 0.282912
-20.638742 13.185554 0.782001 0.282912
-21.009052 13.741126 0.677828 0.286967
-21.009052 13.741126 0.277110 0.286967
-21.502801 13.926316 1.506311 0.273673
-21.502801 13.926316 1.210411 0.273673
-21.996550 14.111506 0.830711 0.260539
-21.996550 14.111506 1.303731 0.260539
-22.737175 14.111506 0.927141 0.232184
-22.737175 14.111506 1.181822 0.232184
-27.279668 24.482167 -1.141204 0.673563
-27.279668 24.482167 -1.042817 0.673563
-27.279668 24.482167 -0.997020 0.673563
-27.279668 24.482167 -1.068769 0.673563
-27.279668 24.482167 -0.674794 0.673563
-27.279668 24.482167 -0.436040 0.673563
-27.279668 24.482167 -0.557356 0.673563
-17.404903 -49.964362 -0.534061 0.924861
-17.404903 -49.964362 -0.512983 0.924861
-16.911145 -49.408791 -0.443546 0.936920
-16.664266 -49.038410 -0.122195 0.942864
-16.664266 -49.038410 0.091413 0.942864
-16.664265 -48.668030 -0.127028 0.943075
-16.664265 -48.668030 0.278729 0.943075
-16.787703 -48.482839 -0.382874 0.940328
-16.787703 -48.482839 1.398505 0.940328
-16.911142 -48.482839 1.545894 0.937454
-16.911142 -48.482839 2.031070 0.937454
-17.034582 -48.668030 2.910155 0.934451
-17.034582 -48.668030 2.263434 0.934451
-17.528338 -48.853220 2.197073 0.922537
-17.528338 -48.853220 2.677109 0.922537
-17.898657 -49.408791 2.277945 0.913105
-17.898657 -49.408791 1.898220 0.913105
-18.392415 -50.149552 1.666784 0.900180
-18.392415 -50.149552 1.622774 0.900180
-18.762734 -50.705124 1.774786 0.890216
-19.256493 -51.445885 2.267341 0.876558
-19.256493 -51.445885 2.355600 0.876558
-19.750251 -52.001456 -2.531318 0.862588
-19.750251 -52.001456 1.926528 0.862588
-20.244009 -52.557027 1.559574 0.848170
-20.244009 -52.557027 1.739185 0.848170
-20.984645 -52.742218 1.643071 0.826154
-20.984645 -52.742218 1.668940 0.826154
-21.601841 -53.112598 1.573950 0.806841
-21.601841 -53.112598 1.515333 0.806841
-22.342477 -53.297789 1.559595 0.782856
-22.342477 -53.297789 1.587469 0.782856
-23.206549 -52.927408 0.931397 0.753930
-23.206549 -52.927408 1.232325 0.753930
-24.070622 -52.742218 1.275446 0.723261
-24.070622 -52.742218 1.511648 0.723261
-24.934694 -52.371837 1.555606 0.691104
-24.934694 -52.371837 1.487917 0.691104
-25.675327 -52.001456 1.260021 0.662232
-26.539398 -51.631075 1.746268 0.626852
-26.539398 -51.631075 1.332435 0.626852
-27.403471 -51.445885 1.273650 0.589459
-27.403471 -51.445885 1.230772 0.589459
-28.144102 -50.890314 1.189530 0.556384
-28.144102 -50.890314 1.198678 0.556384
-28.884735 -50.519933 1.315221 0.521751
-28.884735 -50.519933 1.050896 0.521751
-29.625366 -49.964362 -0.714955 0.485994
-29.625366 -49.964362 0.718658 0.485994
-30.365997 -49.408791 1.013057 0.448920
-30.365997 -49.408791 0.653357 0.448920
-31.106627 -48.668030 0.689295 0.410807
-31.106627 -48.668030 0.337928 0.410807
-31.847258 -48.112458 0.666460 0.371224
-31.847258 -48.112458 0.956755 0.371224
-32.464449 -47.371697 0.956821 0.337732
-33.205080 -46.816126 1.446023 0.296091
-33.205080 -46.816126 1.666576 0.296091
-33.945713 -46.816126 1.809491 0.252650
-33.945713 -46.816126 1.230279 0.252650
-34.439469 -46.816126 -2.738803 0.223183
-34.439469 -46.816126 0.929089 0.223183
-35.180102 -46.630935 1.307201 0.178615
-35.180102 -46.630935 1.450903 0.178615
-35.797297 -46.630935 1.270809 0.140756
-35.797297 -46.630935 1.429680 0.140756
-36.537928 -46.260555 1.221499 0.095457
-36.537928 -46.260555 1.130929 0.095457
-37.278559 -45.890174 1.104320 0.049866
-37.278559 -45.890174 0.960725 0.049866
-37.772314 -45.704984 0.754238 0.019307
-37.772314 -45.704984 0.549686 0.019307
-38.266068 -45.519793 0.159786 -0.011243
-38.636385 -45.519793 0.388262 -0.034327
-38.636385 -45.519793 0.320775 -0.034327
-39.006699 -45.149412 0.402524 -0.056782
-39.006699 -45.149412 0.067883 -0.056782
-39.377015 -44.964222 0.204773 -0.079437
-39.377015 -44.964222 0.219782 -0.079437
-39.623891 -44.779032 0.331821 -0.094388
-39.623891 -44.779032 0.693416 -0.094388
-39.870766 -44.408651 0.097920 -0.109006
-39.870766 -44.408651 0.209447 -0.109006
-39.994203 -44.038270 0.337115 -0.116014
-39.994203 -44.038270 0.377002 -0.116014
-40.117639 -43.667889 -0.540767 -0.123007
-40.117639 -43.667889 0.261479 -0.123007
-40.487952 -43.112318 0.937995 -0.144732
-40.487952 -43.112318 0.696852 -0.144732
-41.105141 -42.371557 0.628984 -0.180848
-41.475455 -42.001176 0.724687 -0.202374
-41.475455 -42.001176 0.084266 -0.202374
-42.216084 -41.445605 0.784098 -0.245040
-42.216084 -41.445605 0.919415 -0.245040
-42.833274 -40.890034 0.676789 -0.279719
-42.833274 -40.890034 0.720113 -0.279719
-43.327025 -40.334463 1.109212 -0.306780
-43.327025 -40.334463 0.874266 -0.306780
-43.944215 -39.778892 1.227518 -0.340093
-43.944215 -39.778892 0.696715 -0.340093
-44.314528 -39.408511 0.192007 -0.359639
-44.314528 -39.408511 0.217472 -0.359639
-44.684842 -39.038130 -0.185048 -0.378880
-44.684842 -39.038130 0.101536 -0.378880
-44.931716 -38.667749 0.064014 -0.391375
-44.931716 -38.667749 -0.287341 -0.391375
-45.178589 -38.112178 -0.399806 -0.403498
-45.178589 -38.112178 -0.165221 -0.403498
-45.425460 -37.186227 -0.062755 -0.415020
-45.672328 -36.075084 -0.362225 -0.426188
-45.672328 -36.075084 -0.268537 -0.426188
-45.672319 -34.963942 -0.079428 -0.424798
-45.672319 -34.963942 -0.721984 -0.424798
-45.795752 -34.223181 -0.278290 -0.430114
-45.795752 -34.223181 -0.313830 -0.430114
-45.672304 -33.112038 -0.166526 -0.422478
-45.672304 -33.112038 -0.201829 -0.422478
-45.795736 -32.186086 -0.085382 -0.427575
-45.795736 -32.186086 0.023609 -0.427575
-45.672289 -31.260135 0.096364 -0.420153
-45.672289 -31.260135 -0.667919 -0.420153
-45.795722 -30.519373 -0.093623 -0.425493
-45.795722 -30.519373 -0.425920 -0.425493
-45.919152 -29.408231 -0.158584 -0.430345
-45.919152 -29.408231 -0.205318 -0.430345
-45.795706 -28.482279 -0.174224 -0.422943
-45.795706 -28.482279 -0.688225 -0.422943
-45.795700 -27.741518 -0.707736 -0.422014
-45.548817 -27.000756 -0.896721 -0.408451
-45.548817 -27.000756 -0.435353 -0.408451
-45.301934 -26.259995 -0.640048 -0.394716
-45.301934 -26.259995 -0.680341 -0.394716
-45.055049 -25.334043 -0.285539 -0.380569
-45.055049 -25.334043 -0.583085 -0.380569
-44.808167 -24.593281 -0.646687 -0.366493
-44.808167 -24.593281 -0.762841 -0.366493
-44.314407 -23.852520 -0.798380 -0.338846
-44.314407 -23.852520 -0.489174 -0.338846
-43.944084 -22.926568 -0.687327 -0.317213
-43.944084 -22.926568 -0.783084 -0.317213
-43.450326 -22.370997 -0.579094 -0.288792
-43.450326 -22.370997 -0.591683 -0.288792
-43.080006 -21.630235 -0.459168 -0.266667
-43.080006 -21.630235 -0.116880 -0.266667
-42.586246 -20.889474 -0.207148 -0.237062
-42.586246 -20.889474 -0.976237 -0.237062
-41.969049 -20.148712 -0.985792 -0.199661
-41.228415 -19.593141 -1.159192 -0.154429
-41.228415 -19.593141 -0.790225 -0.154429
-40.487780 -19.037570 -0.863132 -0.108445
-40.487780 -19.037570 -0.868043 -0.108445
-39.747149 -18.852380 -0.607746 -0.062455
-39.747149 -18.852380 -1.083481 -0.062455
-39.006516 -18.481999 -1.106471 -0.015807
-39.006516 -18.481999 -0.848665 -0.015807
-38.265885 -18.296809 -0.710703 0.030731
-38.265885 -18.296809 -0.631391 0.030731
-37.525251 -17.741238 -0.345850 0.077814
-37.525251 -17.741238 -0.512481 0.077814
-36.908057 -17.370857 -0.547706 0.116737
-36.908057 -17.370857 -0.459028 0.116737
-36.167426 -17.185666 -0.136256 0.162676
-36.167426 -17.185666 -0.214960 0.162676
-35.673670 -16.630095 -0.318124 0.193639
-35.673670 -16.630095 -0.369870 0.193639
-35.179915 -16.444905 -0.840221 0.223730
-35.179915 -16.444905 -0.583991 0.223730
-34.686157 -15.704143 -0.554376 0.254273
-34.686157 -15.704143 -0.613755 0.254273
-34.192402 -15.333763 -0.663284 0.283852
-33.698646 -14.778192 -0.752006 0.313237
-33.698646 -14.778192 -0.820823 0.313237
-32.958013 -14.222620 -0.797521 0.355977
-32.958013 -14.222620 -1.206624 0.355977
-32.340820 -13.852240 -1.020830 0.390540
-32.340820 -13.852240 -0.665259 0.390540
-31.723626 -13.481859 -0.437301 0.424212
-31.723626 -13.481859 -0.708770 0.424212
-31.106433 -13.111478 -0.758126 0.456954
-31.106433 -13.111478 -0.695709 0.456954
-30.489240 -12.741098 -0.226020 0.488735
-30.489240 -12.741098 -0.740221 0.488735
-29.872047 -12.370717 -0.369670 0.519537
-29.872047 -12.370717 -0.878984 0.519537
-29.131417 -12.185526 -0.515695 0.554893
-29.131417 -12.185526 -0.188434 0.554893
-28.637661 -11.629955 -0.439578 0.578165
-28.637661 -11.629955 -0.308810 0.578165
-28.267344 -11.074384 -0.522046 0.595343
-28.267344 -11.074384 -0.433028 0.595343
-28.020464 -10.333623 -0.048786 0.606988
-27.773586 -9.963242 -0.327732 0.618064
-27.773586 -9.963242 -0.360139 0.618064
-27.650146 -9.592861 0.152138 0.623736
-27.650146 -9.592861 0.333960 0.623736
-27.650145 -9.407671 0.460572 0.623931
-27.650145 -9.407671 0.703964 0.623931
-27.897020 -9.222480 1.057693 0.613535
-27.897020 -9.222480 1.385130 0.613535
-28.267334 -9.037290 1.490100 0.597565
-28.267334 -9.037290 1.047288 0.597565
-28.884524 -9.037290 1.115734 0.569854
-28.884524 -9.037290 1.274379 0.569854
-29.501715 -9.037290 -2.010663 0.541179
-29.501715 -9.037290 1.424011 0.541179
-30.118906 -9.037290 1.448571 0.511538
-30.736096 -9.037290 2.187852 0.480938
-30.736096 -9.037290 2.152371 0.480938
-31.353288 -9.222480 1.614624 0.449153
-31.353288 -9.222480 1.390781 0.449153
-31.970481 -9.592861 1.217861 0.416185
-31.970481 -9.592861 1.157304 0.416185
-32.587673 -9.778052 1.313878 0.382545
-32.587673 -9.778052 1.333434 0.382545
-33.204865 -9.963242 1.073043 0.348037
-33.204865 -9.963242 0.737802 0.348037
-33.822055 -9.963242 1.226920 0.312974
-33.822055 -9.963242 0.896204 0.312974
-34.439246 -9.963242 0.620468 0.277168
-34.439246 -9.963242 -1.559260 0.277168
-34.932999 -9.963242 0.623798 0.248034
-34.932999 -9.963242 0.150032 0.248034
-35.550188 -9.778052 0.228258 0.211348
-35.550188 -9.778052 0.846661 0.211348
-36.043940 -9.592861 0.992381 0.181679
-36.661129 -9.407671 1.005957 0.144134
-36.661129 -9.407671 0.837496 0.144134
-37.278319 -9.222480 0.106351 0.106247
-37.278319 -9.222480 0.927150 0.106247
-37.895508 -9.037290 0.866711 0.068124
-37.895508 -9.037290 0.508298 0.068124
-38.512699 -9.037290 0.838935 0.029589
-38.512699 -9.037290 0.185097 0.029589
-39.129889 -8.852100 0.750301 -0.008676
-39.129889 -8.852100 1.005057 -0.008676
-39.747079 -8.852100 1.391518 -0.047128
-39.747079 -8.852100 1.041134 -0.047128
-40.364269 -8.666909 0.619758 -0.085085
-40.364269 -8.666909 0.999635 -0.085085
-40.858021 -8.666909 1.369378 -0.115454
-41.475210 -8.481719 0.565848 -0.152769
-41.475210 -8.481719 0.347406 -0.152769
-42.092400 -8.296529 0.601204 -0.189592
-42.092400 -8.296529 0.409897 -0.189592
-42.586151 -8.111338 0.411545 -0.218582
-42.586151 -8.111338 0.032770 -0.218582
-43.079900 -7.740958 -0.037093 -0.246896
-43.079900 -7.740958 0.327304 -0.246896
-43.450212 -7.370577 0.545900 -0.267715
-43.450212 -7.370577 -0.212753 -0.267715
-43.943960 -6.815006 0.522910 -0.294983
-43.943960 -6.815006 0.589234 -0.294983
-44.437708 -6.259435 0.615776 -0.321769
-44.437708 -6.259435 0.729620 -0.321769
-44.931456 -5.703863 0.984017 -0.348046
-45.425207 -5.518673 0.704637 -0.374279
-45.425207 -5.518673 0.704807 -0.374279
-45.918956 -5.148292 0.036249 -0.399708
-45.918956 -5.148292 0.471915 -0.399708
-46.412704 -4.592721 0.589512 -0.424334
-46.412704 -4.592721 0.433225 -0.424334
-46.783015 -4.222340 0.644420 -0.442486
-46.783015 -4.222340 0.304719 -0.442486
-47.029888 -3.851960 -0.366945 -0.454256
-47.029888 -3.851960 -0.319956 -0.454256
-47.400197 -3.296389 0.226184 -0.471645
-47.400197 -3.296389 0.055608 -0.471645
-47.647069 -2.740817 2.271870 -0.482841
-47.647069 -2.740817 0.172598 -0.482841
-47.770502 -2.185246 -0.521516 -0.488062
-47.770502 -2.185246 0.042213 -0.488062
-48.017370 -1.259295 -0.474968 -0.498626
-48.264240 -0.518533 -0.357508 -0.509276
-48.264240 -0.518533 -0.251765 -0.509276
-48.264232 0.407419 -0.394634 -0.508217
-48.264232 0.407419 -0.697614 -0.508217
-48.017348 1.333371 -0.833041 -0.495621
-48.017348 1.333371 -0.841953 -0.495621
-47.647028 2.074132 -0.916889 -0.477150
-47.647028 2.074132 -0.804236 -0.477150
-47.153271 2.814894 -1.024872 -0.452229
-47.153271 2.814894 -0.793495 -0.452229
-46.536077 3.370465 -0.965682 -0.420617
-46.536077 3.370465 -0.992978 -0.420617
-45.918881 4.111226 -0.799133 -0.387783
-45.918881 4.111226 -1.000910 -0.387783
-45.054812 4.666797 -1.030483 -0.340840
-45.054812 4.666797 -1.004775 -0.340840
-44.437618 5.222368 -1.037544 -0.306012
-43.820425 5.777940 -1.035251 -0.270331
-43.820425 5.777940 -0.999945 -0.270331
-42.956358 6.148320 -0.866055 -0.219658
-42.956358 6.148320 -1.035312 -0.219658
-42.215728 6.518701 -1.058600 -0.175092
-42.215728 6.518701 -0.766526 -0.175092
-41.475098 6.889082 -0.898256 -0.129708
-41.475098 6.889082 -0.684088 -0.129708
-40.857904 7.629843 -1.045204 -0.090726
-40.857904 7.629843 -0.345765 -0.090726
-40.117275 8.000224 -0.580171 -0.044285
-40.117275 8.000224 -0.772421 -0.044285
-39.623520 8.555795 -0.437907 -0.012671
-39.623520 8.555795 -0.506050 -0.012671
-39.006327 9.111366 0.280679 0.026732
-38.636010 9.666937 -0.613530 0.050720
-38.636010 9.666937 -0.681769 0.050720
-38.265692 10.407699 -0.861364 0.074964
-38.265692 10.407699 -0.705709 0.074964
-37.771938 10.963270 -0.827366 0.106530
-37.771938 10.963270 -0.523512 0.106530
-37.401621 11.518841 -0.440317 0.130313
-37.401621 11.518841 -0.929985 0.130313
-37.154741 12.259603 -0.614092 0.146666
-37.154741 12.259603 -0.609321 0.146666
-36.784423 13.000364 -0.612137 0.170512
-36.784423 13.000364 -0.147248 0.170512
-36.537544 13.555935 1.414667 0.186412
-36.537544 13.555935 0.159646 0.186412
-36.414103 14.111506 0.619450 0.194748
-36.414103 14.111506 0.696093 0.194748
-36.414100 14.481887 1.230081 0.195302
-36.414100 14.481887 0.992529 0.195302
-36.537536 14.852268 0.720460 0.188359
-36.537536 14.852268 0.064911 0.188359
-36.907846 15.222648 0.252093 0.166316
-37.401594 15.593029 0.792550 0.136523
-37.401594 15.593029 0.638700 0.136523
-38.018780 15.963410 1.118518 0.098864
-38.018780 15.963410 1.270265 0.098864
-38.635966 16.148600 1.190033 0.060708
-38.635966 16.148600 1.059785 0.060708
-39.376591 16.333791 0.800266 0.014735
-39.376591 16.333791 0.810233 0.014735
-39.993777 16.518981 0.312053 -0.023505
-39.993777 16.518981 0.647873 -0.023505
-40.487526 16.704171 1.660117 -0.053945
-40.487526 16.704171 0.483031 -0.053945
-41.104713 16.889362 2.076206 -0.091853
-41.104713 16.889362 0.128309 -0.091853
-41.475024 17.074552 -0.020183 -0.114333
-41.475024 17.074552 -0.016358 -0.114333
-41.845334 17.444933 -0.005996 -0.136394
-41.845334 17.444933 -0.006371 -0.136394
-42.215643 18.000504 -0.142539 -0.158022
-42.462512 18.741266 0.094385 -0.171797
-42.462512 18.741266 -0.004065 -0.171797
-42.585946 19.296837 0.193917 -0.178383
-42.585946 19.296837 0.033803 -0.178383
-42.709379 19.852408 0.492592 -0.184950
-42.709379 19.852408 0.242464 -0.184950
-42.832811 20.593169 -0.084591 -0.191227
-42.832811 20.593169 0.094965 -0.191227
-42.956243 21.333931 -0.296272 -0.197487
-42.956243 21.333931 -0.207204 -0.197487
-42.956239 21.889502 -0.378958 -0.196672
-42.956239 21.889502 0.205377 -0.196672
-43.079672 22.445073 0.037839 -0.203187
-43.079672 22.445073 1.975990 -0.203187
-43.203104 23.185834 -0.060914 -0.209413
-43.203104 23.185834 -0.110335 -0.209413
-43.326537 23.741406 -0.294052 -0.215889
-43.326537 23.741406 -0.273120 -0.215889
-43.573406 24.482167 -0.160242 -0.229316
-43.696838 25.222929 -0.240821 -0.235461
-43.696838 25.222929 -0.370823 -0.235461
-43.696832 25.963690 -0.247732 -0.234393
-43.696832 25.963690 -0.546633 -0.234393
-43.449953 26.519261 -0.820682 -0.219120
-43.449953 26.519261 -0.504121 -0.219120
-43.203074 27.074832 -0.028094 -0.203729
-43.203074 27.074832 -0.542665 -0.203729
-42.832757 27.815594 -0.639000 -0.180574
-42.832757 27.815594 -0.625690 -0.180574
-42.585878 28.371165 -0.508638 -0.164919
-42.585878 28.371165 -0.721870 -0.164919
-42.338998 29.111926 -0.272594 -0.148892
-42.338998 29.111926 -0.552856 -0.148892
-41.968680 29.852688 -0.491214 -0.125242
-41.968680 29.852688 -0.114929 -0.125242
-41.474926 30.593449 -0.889576 -0.093825
-40.981171 31.334211 -0.950797 -0.062172
-40.981171 31.334211 -0.714570 -0.062172
-40.610856 31.889782 -0.890195 -0.038313
-40.610856 31.889782 -0.812304 -0.038313
-40.117101 32.630543 -0.718639 -0.006394
-40.117101 32.630543 -0.608084 -0.006394
-39.746786 33.186114 -0.799071 0.017591
-39.746786 33.186114 -1.073645 0.017591
-39.253032 33.926876 -0.847481 0.049578
-39.253032 33.926876 -0.579889 0.049578
-38.759282 34.112066 -0.528974 0.080660
-38.759282 34.112066 -0.561751 0.080660
-38.512402 34.852828 -0.599925 0.097159
-38.512402 34.852828 -0.575769 0.097159
-38.265523 35.593589 -0.581379 0.113618
-38.265523 35.593589 0.161192 0.113618
-38.142079 36.519541 -0.676036 0.122679
-37.895199 37.445493 -0.612927 0.139342
-37.895199 37.445493 -0.423635 0.139342
-37.648319 38.371445 -0.229437 0.155941
-37.648319 38.371445 -0.717386 0.155941
-37.401440 39.112206 -0.597288 0.172189
-37.401440 39.112206 -0.216433 0.172189
-37.154561 39.852968 -0.086205 0.188358
-37.154561 39.852968 -0.431256 0.188358
-36.784247 40.223349 -0.024786 0.211345
-36.784247 40.223349 -0.405461 0.211345
-36.537368 40.964110 -0.114750 0.227293
-36.537368 40.964110 -0.157413 0.227293
-36.413926 41.704872 -0.582820 0.235774
-36.413926 41.704872 -0.392012 0.235774
-36.167047 42.445633 -0.116625 0.251559
-36.167047 42.445633 -0.424655 0.251559
-36.043606 43.186395 -0.700586 0.259950
-36.043606 43.186395 0.071254 0.259950
-35.920165 43.741966 0.126693 0.268038
-35.796725 44.297537 0.162585 0.276093
-35.796725 44.297537 -0.171144 0.276093
-35.920157 45.038298 -0.192008 0.269920
-35.920157 45.038298 -0.081467 0.269920
-35.920154 45.593869 -0.024359 0.270726
-35.920154 45.593869 -0.002238 0.270726
-35.920150 46.149440 -0.285217 0.271532
-35.920150 46.149440 -0.186907 0.271532
-35.920146 46.705012 0.117973 0.272338
-35.920146 46.705012 -0.281142 0.272338
-36.043580 47.260583 0.687773 0.265884
-36.043580 47.260583 0.382876 0.265884
-36.167014 47.630963 -0.468748 0.259139
-36.167014 47.630963 -0.210682 0.259139
-36.413885 48.186535 -0.252721 0.245313
-36.413885 48.186535 0.111808 0.245313
-36.660755 48.742106 -0.401628 0.231400
-36.660755 48.742106 0.050202 0.231400
-36.660751 49.297677 0.105748 0.232221
-36.660751 49.297677 0.045317 0.232221
-36.784183 50.038438 -0.015847 0.225922
-36.784180 50.594009 -0.703272 0.226744
-36.784180 50.594009 -0.018296 0.226744
-36.784176 51.149580 -0.532541 0.227567
-36.784176 51.149580 0.311067 0.227567
-36.907610 51.705152 0.161091 0.220981
-36.907610 51.705152 0.423252 0.220981
-37.031043 52.260723 0.136619 0.214377
-37.031043 52.260723 0.362866 0.214377
-37.401351 52.631103 0.076603 0.192526
-37.401351 52.631103 0.378757 0.192526
-37.771657 53.186675 0.886495 0.170791
-37.771657 53.186675 0.653772 0.170791
-38.265401 53.742246 0.945491 0.141315
-38.265401 53.742246 0.984624 0.141315
-38.759145 54.112626 0.730537 0.111351
-39.252890 54.483007 0.886696 0.081229
-39.252890 54.483007 0.761593 0.081229
-39.746634 54.853388 0.731993 0.051005
-39.746634 54.853388 0.389147 0.051005
-40.240380 55.038578 0.698548 0.020447
-40.240380 55.038578 0.493982 0.020447
-40.734126 55.223769 0.722796 -0.010103
-40.734126 55.223769 3.135666 -0.010103
-41.227870 55.594149 0.552604 -0.040304
-41.227870 55.594149 0.748463 -0.040304
-41.845051 55.964530 1.154205 -0.078024
-41.845051 55.964530 0.764413 -0.078024
-42.462233 56.149720 0.773269 -0.115733
-42.462233 56.149720 0.663561 -0.115733
-42.955979 56.334911 0.313518 -0.145563
-42.955979 56.334911 0.480638 -0.145563
-43.449723 56.705292 -0.044782 -0.174817
-43.449723 56.705292 0.522477 -0.174817
-43.943467 57.075672 0.730877 -0.203728
-43.943467 57.075672 0.599872 -0.203728
-44.437211 57.446053 0.606463 -0.232256
-44.437211 57.446053 0.582130 -0.232256
-44.930955 57.816434 0.492754 -0.260362
-44.930955 57.816434 0.150433 -0.260362
-45.301262 58.186815 0.367147 -0.281015
-45.671569 58.557195 0.971272 -0.301403
-45.671569 58.557195 0.141167 -0.301403
-46.041876 58.927576 0.377240 -0.321513
-46.041876 58.927576 0.281503 -0.321513
-46.288746 59.297957 0.219220 -0.334593
-46.288746 59.297957 0.218067 -0.334593
-46.535615 59.853528 0.038753 -0.347299
-46.535615 59.853528 0.214975 -0.347299
-46.782484 60.409099 0.169393 -0.359880
-46.782484 60.409099 -0.179883 -0.359880
-47.029351 61.149861 0.277248 -0.372091
-47.029351 61.149861 -0.105752 -0.372091
-47.276219 61.705432 0.743365 -0.384418
-47.276219 61.705432 -0.426385 -0.384418
-47.399651 62.261003 -0.493614 -0.390175
-47.523082 63.001764 -0.202199 -0.395664
-47.523082 63.001764 -0.179212 -0.395664
