11.825355 -9.407671 1.559341 0.940690
9.726907 -7.740958 1.800261 0.996341
7.998776 -7.370577 2.136266 0.987575
7.998776 -7.370577 2.086197 0.987575
7.998776 -7.370577 2.165342 0.987575
7.998776 -7.370577 1.612109 0.987575
7.998776 -7.370577 1.779860 0.987575
7.998776 -7.370577 2.849451 0.987575
7.998776 -7.370577 1.803787 0.987575
7.998776 -7.370577 2.260444 0.987575
6.270646 -8.296529 1.784551 0.909527
6.270646 -8.296529 2.073894 0.909527
5.776895 -8.481719 2.267932 0.892089
5.776895 -8.481719 1.542489 0.892089
5.036267 -8.296529 1.472690 0.889946
4.419078 -8.481719 1.507742 0.870865
4.419078 -8.481719 1.798816 0.870865
3.555012 -8.852100 1.727938 0.839187
3.555012 -8.852100 1.543448 0.839187
2.690947 -9.037290 1.434630 0.817293
2.690947 -9.037290 1.016678 0.817293
1.950319 -9.222480 1.194137 0.797643
1.950319 -9.222480 1.054300 0.797643
0.962816 -9.222480 0.791098 0.783466
0.962816 -9.222480 0.949030 0.783466
0.222188 -8.852100 1.032277 0.790166
0.222188 -8.852100 0.791247 0.790166
-0.641877 -8.666909 0.424208 0.786449
-0.641877 -8.666909 0.764200 0.786449
-1.259067 -8.296529 0.826197 0.794949
-1.259067 -8.296529 0.730921 0.794949
-2.123132 -8.111338 0.913422 0.791214
-2.123132 -8.111338 0.788536 0.791214
-2.740322 -8.111338 2.171357 0.782388
-3.234073 -7.370577 2.015429 0.810180
-3.234073 -7.370577 2.865776 0.810180
-3.974700 -7.555767 -3.132520 0.790670
-3.974700 -7.555767 -2.574076 0.790670
-4.591890 -7.740958 -2.494530 0.773289
-4.591890 -7.740958 -2.726999 0.773289
-4.715329 -8.481719 -2.649357 0.738169
-4.715329 -8.481719 -2.938309 0.738169
-4.715329 -9.037290 3.096064 0.713967
-4.715329 -9.037290 2.447554 0.713967
-4.838767 -9.592861 2.975690 0.688905
-4.838767 -9.592861 2.244054 0.688905
-4.838768 -10.148432 2.163352 0.666169
-4.838768 -10.148432 1.518466 0.666169
-5.085644 -10.518813 1.278290 0.648421
-5.085644 -10.518813 0.768849 0.648421
-5.579396 -10.704003 1.230900 0.635327
-5.579396 -10.704003 -0.168289 0.635327
-6.073148 -10.889194 0.060215 0.622482
-6.443462 -10.889194 -0.404596 0.618207
-6.443462 -10.889194 0.199346 0.618207
-6.813775 -10.333623 0.093670 0.635029
-6.813775 -10.333623 0.260839 0.635029
-6.937213 -9.778052 -0.456448 0.655276
-6.937213 -9.778052 -0.289990 0.655276
-6.813774 -9.222480 -0.410729 0.679219
-6.813774 -9.222480 -0.496519 0.679219
-6.443459 -8.481719 -0.391685 0.715093
-6.443459 -8.481719 -0.717201 0.715093
-5.949708 -8.296529 -0.505417 0.729684
-5.949708 -8.296529 -0.314440 0.729684
-5.332518 -7.926148 -0.290608 0.754527
-5.332518 -7.926148 -0.200633 0.754527
-4.838766 -7.370577 0.114012 0.786951
-4.838766 -7.370577 -0.701151 0.786951
-4.221576 -6.815006 -0.283345 0.822356
-4.221576 -6.815006 -0.648036 0.822356
-3.974700 -6.259435 -0.519388 0.853353
-3.974700 -6.259435 -0.346105 0.853353
-3.604386 -5.703863 -0.208803 0.887169
-3.604386 -5.703863 -0.674344 0.887169
-3.480947 -5.148292 -0.062391 0.917965
-3.234071 -4.592721 0.061075 0.951514
-3.234071 -4.592721 0.286046 0.951514
-3.110633 -4.037150 0.848446 0.983754
-3.110633 -4.037150 0.756737 0.983754
-3.357509 -3.481579 1.136264 1.010295
-3.357509 -3.481579 1.321105 1.010295
-3.851259 -2.926008 1.294448 1.032955
-3.851259 -2.926008 1.318777 1.032955
-4.345010 -2.370437 1.698949 1.055869
-4.345010 -2.370437 1.448713 1.055869
-5.332513 -2.555627 1.115996 1.028262
-5.332513 -2.555627 1.376165 1.028262
-5.949701 -2.370437 2.103313 1.028045
-5.949701 -2.370437 1.588768 1.028045
-6.566890 -2.000056 1.978990 1.038267
-6.566890 -2.000056 0.856546 1.038267
-7.307516 -1.629675 0.835063 1.046393
-7.307516 -1.629675 0.528829 1.046393
-7.677829 -1.444485 0.556512 1.050467
-7.677829 -1.444485 0.555334 1.050467
-8.295018 -1.074104 0.523222 1.060796
-8.295018 -1.074104 0.819669 1.060796
-8.912206 -0.888914 0.837865 1.060576
-9.282518 -0.148152 0.960521 1.096653
-9.282518 -0.148152 2.784274 1.096653
-10.023145 -0.148152 2.419188 1.083548
-10.023145 -0.148152 1.267853 1.083548
-10.640333 0.222228 1.531750 1.094018
-10.640333 0.222228 1.245479 1.094018
-11.257521 0.407419 1.681819 1.093794
-11.257521 0.407419 1.252969 1.093794
-11.874709 0.777800 1.179395 1.104303
-11.874709 0.777800 1.524491 1.104303
-12.615335 0.962990 1.580670 1.101885
-12.615335 0.962990 1.292905 1.101885
-13.355961 0.962990 1.429478 1.088754
-13.355961 0.962990 -2.666628 1.088754
-14.096587 1.148180 1.110937 1.086348
-14.096587 1.148180 1.091393 1.086348
-14.837213 1.333371 1.163717 1.083945
-14.837213 1.333371 0.852224 1.083945
-15.577838 1.518561 0.946335 1.081544
-15.577838 1.518561 0.686721 1.081544
-16.318465 1.518561 0.896613 1.068515
-16.935652 1.888942 0.890136 1.078924
-16.935652 1.888942 1.088066 1.078924
-17.429402 2.259323 1.043578 1.091560
-17.429402 2.259323 1.294651 1.091560
-18.046589 2.629703 1.209267 1.102061
-18.046589 2.629703 0.608567 1.102061
-18.663777 2.814894 0.651982 1.101837
-18.663777 2.814894 1.053122 1.101837
-19.157526 3.185274 0.805153 1.114577
-19.157526 3.185274 1.154588 1.114577
-19.774713 3.555655 1.246924 1.125159
-19.774713 3.555655 0.975553 1.125159
-20.391900 3.926036 0.948468 1.135775
-20.391900 3.926036 1.607401 1.135775
-20.885650 4.111226 0.688155 1.137766
-20.885650 4.111226 1.141711 1.137766
-21.502837 4.481607 1.412131 1.148418
-21.502837 4.481607 1.219246 1.148418
-22.243461 5.037178 1.293433 1.167800
-22.984086 5.222368 0.934028 1.165338
-22.984086 5.222368 0.925985 1.165338
-23.477833 5.963130 1.067372 1.200274
-23.477833 5.963130 1.606174 1.200274
-24.095019 6.518701 0.739491 1.222091
-24.095019 6.518701 1.257660 1.222091
-24.835644 6.703891 1.185061 1.219608
-24.835644 6.703891 1.325054 1.219608
-25.329391 7.259463 0.957313 1.243727
-25.329391 7.259463 1.073648 1.243727
-26.070015 7.629843 1.043155 1.252297
-26.070015 7.629843 0.610949 1.252297
-26.563765 7.815034 0.612692 1.254325
-26.563765 7.815034 0.308911 1.254325
-27.304388 8.185414 1.208789 1.262900
-27.304388 8.185414 2.306937 1.262900
-28.045012 8.555795 1.550804 1.271476
-28.045012 8.555795 0.745253 1.271476
-28.785635 8.926176 1.843216 1.280052
-28.785635 8.926176 1.330916 1.280052
-29.526261 8.926176 1.000080 1.266495
-30.143448 8.926176 1.497971 1.255199
-30.143448 8.926176 1.517734 1.255199
-30.637197 9.111366 1.197719 1.257227
-30.637197 9.111366 0.729243 1.257227
-31.377822 9.296557 1.217433 1.254738
-31.377822 9.296557 1.299035 1.254738
-31.995008 9.481747 1.693809 1.254507
-31.995008 9.481747 1.669732 1.254507
-32.735633 9.481747 1.362178 1.240959
-32.735633 9.481747 1.093285 1.240959
-33.476258 9.666937 1.423816 1.238472
-33.476258 9.666937 1.781679 1.238472
-34.216883 9.666937 1.645537 1.224938
-34.216883 9.666937 2.807570 1.224938
-34.957508 9.666937 1.600758 1.211423
-34.957508 9.666937 1.166846 1.211423
-35.698132 9.852128 1.056242 1.208942
-35.698132 9.852128 0.810777 1.208942
-36.438757 9.852128 0.880879 1.195454
-36.438757 9.852128 0.672292 1.195454
-37.055943 10.037318 0.786666 1.195225
-37.796566 10.407699 1.014882 1.203754
-37.796566 10.407699 0.948626 1.203754
-38.537190 10.592889 1.210855 1.201276
-38.537190 10.592889 1.172633 1.201276
-39.401251 10.778080 2.067076 1.196553
-39.401251 10.778080 1.488526 1.196553
-40.141874 11.148460 1.323630 1.205084
-40.141874 11.148460 1.524074 1.205084
-41.005936 11.148460 1.031203 1.189359
-41.005936 11.148460 1.102019 1.189359
-41.869999 11.148460 0.924186 1.173677
-41.869999 11.148460 1.174020 1.173677
-42.610622 11.333651 1.298619 1.171212
-42.610622 11.333651 1.321660 1.171212
-43.351249 11.148460 1.340149 1.146910
-43.351249 11.148460 1.477546 1.146910
-44.091873 11.148460 1.625546 1.133592
-44.091873 11.148460 1.113618 1.133592
-44.955936 11.148460 1.301789 1.118119
-44.955936 11.148460 1.261613 1.118119
-45.696559 11.333651 1.284265 1.115689
-46.560623 11.148460 0.606492 1.089584
-46.560623 11.148460 1.183170 1.089584
-47.301248 11.148460 0.883387 1.076514
-47.301248 11.148460 1.263756 1.076514
-48.041870 11.518841 1.042982 1.084775
-48.041870 11.518841 1.174033 1.084775
-48.782492 11.889222 1.203247 1.093062
-48.782492 11.889222 0.694918 1.093062
-49.523115 12.074412 -0.197054 1.090653
-49.523115 12.074412 0.855090 1.090653
-50.263738 12.259603 0.286663 1.088246
-50.263738 12.259603 0.962027 1.088246
-50.880924 12.444793 1.213927 1.088023
-50.880924 12.444793 1.053702 1.088023
-51.498108 12.815174 1.031184 1.098511
-51.498108 12.815174 0.810824 1.098511
-52.238730 13.185554 1.013206 1.106839
-52.238730 13.185554 1.127285 1.106839
-52.855915 13.370745 1.029742 1.106615
-52.855915 13.370745 0.723050 1.106615
-53.719975 13.555935 1.105939 1.101999
-53.719975 13.555935 1.317793 1.101999
-54.213725 13.555935 1.307172 1.093238
-54.213725 13.555935 1.340517 1.093238
-54.830911 13.741126 1.370176 1.093015
-54.830911 13.741126 1.452375 1.093015
-55.571537 13.555935 1.578747 1.069292
-56.435601 13.370745 1.227163 1.043657
-56.435601 13.370745 1.004157 1.043657
-57.176226 13.370745 1.275006 1.030843
-57.176226 13.370745 0.574934 1.030843
-57.669972 13.741126 0.928580 1.043220
-57.669972 13.741126 0.229613 1.043220
-58.287155 14.111506 1.048140 1.053515
-58.287155 14.111506 1.379342 1.053515
-58.904338 14.481887 1.784688 1.063859
-58.904338 14.481887 1.284936 1.063859
-59.644963 14.481887 1.668071 1.050925
-59.644963 14.481887 1.096930 1.050925
-60.138711 14.667077 1.539504 1.052856
-60.138711 14.667077 1.188486 1.052856
-60.879335 14.667077 0.694852 1.039986
-60.879335 14.667077 0.671048 1.039986
-61.496524 14.481887 1.213767 1.018929
-61.496524 14.481887 0.883441 1.018929
-61.990268 15.037458 -2.005797 1.041689
-61.990268 15.037458 1.070575 1.041689
-62.607451 15.407839 1.223537 1.051977
-63.348073 15.593029 2.170762 1.049608
-63.348073 15.593029 2.021260 1.049608
-63.965258 15.778220 0.753606 1.049389
-63.965258 15.778220 1.036063 1.049389
-64.582443 15.963410 0.857948 1.049169
-64.582443 15.963410 0.855763 1.049169
-65.076191 16.148600 0.524780 1.051099
-65.076191 16.148600 0.396805 1.051099
-65.693375 16.333791 0.255449 1.050879
-65.693375 16.333791 0.306659 1.050879
-66.433995 16.704171 0.377389 1.059052
-66.433995 16.704171 0.902729 1.059052
-67.051176 17.259743 -2.336307 1.080055
-67.051176 17.259743 1.328152 1.080055
-67.791795 17.630123 1.270978 1.088328
-67.791795 17.630123 0.952970 1.088328
-68.532415 18.000504 0.671600 1.096626
-68.532415 18.000504 1.265405 1.096626
-69.149597 18.370885 2.166374 1.107146
-69.149597 18.370885 1.373325 1.107146
-69.643344 18.556075 1.486180 1.109120
-70.507406 18.556075 1.085496 1.093767
-70.507406 18.556075 1.109019 1.093767
-71.248030 18.556075 0.886996 1.080675
-71.248030 18.556075 1.249729 1.080675
-71.988651 18.741266 0.983817 1.078278
-71.988651 18.741266 0.798949 1.078278
-72.358959 19.111646 1.384500 1.093097
-72.358959 19.111646 0.992160 1.093097
-72.976141 19.482027 0.740353 1.103604
-72.976141 19.482027 0.036870 1.103604
-73.469885 19.852408 0.830603 1.116352
-73.469885 19.852408 0.163962 1.116352
-73.963632 20.037598 1.084076 1.118331
-73.963632 20.037598 1.169314 1.118331
-74.457371 20.778360 0.948717 1.152891
-75.197993 20.963550 1.347981 1.150437
-75.197993 20.963550 1.143705 1.150437
-75.815177 21.148740 1.030184 1.150210
-75.815177 21.148740 1.716335 1.150210
-76.555800 21.148740 1.223802 1.136881
-76.555800 21.148740 1.081012 1.136881
-77.172982 21.519121 1.269264 1.147531
-77.172982 21.519121 0.861643 1.147531
-77.913603 21.704311 1.073794 1.145081
-77.913603 21.704311 1.117189 1.145081
-78.654221 22.074692 1.325710 1.153526
-78.654221 22.074692 1.363393 1.153526
-79.394840 22.445073 0.959546 1.161988
-79.394840 22.445073 1.178747 1.161988
-80.135461 22.630263 1.089251 1.159529
-80.135461 22.630263 1.004209 1.159529
-80.999516 23.000644 0.985880 1.165768
-81.616700 23.185834 1.130201 1.165540
-81.616700 23.185834 0.863948 1.165540
-82.357318 23.556215 1.278501 1.174025
-82.357318 23.556215 0.964577 1.174025
-83.221378 23.556215 0.830124 1.158390
-83.221378 23.556215 0.445243 1.158390
-83.961993 24.111786 1.031520 1.177815
-83.961993 24.111786 -2.040783 1.177815
-84.702611 24.482167 0.567387 1.186320
-84.702611 24.482167 1.077219 1.186320
-85.319792 24.852548 1.226108 1.197083
-85.319792 24.852548 -1.655931 1.197083
-85.936975 25.037738 1.202683 1.196854
-85.936975 25.037738 1.385544 1.196854
-86.677592 25.408119 1.401615 1.205386
-86.677592 25.408119 1.830900 1.205386
-87.418210 25.778500 1.278424 1.213927
-88.158830 25.963690 1.559901 1.211446
-88.158830 25.963690 1.633875 1.211446
-88.899450 26.148880 1.464366 1.208966
-88.899450 26.148880 1.936868 1.208966
-89.640073 26.148880 2.486284 1.195478
-89.640073 26.148880 1.247737 1.195478
-90.380699 25.963690 1.167498 1.171055
-90.380699 25.963690 0.863517 1.171055
-90.997882 26.148880 1.076203 1.170827
-90.997882 26.148880 0.953096 1.170827
-91.738499 26.519261 0.335056 1.179320
-91.738499 26.519261 0.145026 1.179320
-92.479119 26.704452 0.804946 1.176852
-92.479119 26.704452 0.493960 1.176852
-93.343173 27.074832 0.876804 1.183114
-93.343173 27.074832 0.481754 1.183114
-93.960356 27.260023 -0.250639 1.182885
-93.960356 27.260023 0.806884 1.182885
-94.700973 27.630403 0.988166 1.191398
-94.700973 27.630403 0.980940 1.191398
-95.441589 28.000784 1.531996 1.199923
-96.429083 28.185974 1.225288 1.192955
-96.429083 28.185974 1.260797 1.192955
-97.169703 28.371165 1.298656 1.190481
-97.169703 28.371165 1.436988 1.190481
-98.033763 28.371165 0.952781 1.174795
-98.033763 28.371165 1.408191 1.174795
-98.897822 28.371165 1.334686 1.159158
-98.897822 28.371165 1.336726 1.159158
-99.638445 28.371165 1.163821 1.145799
-99.638445 28.371165 0.981145 1.145799
-100.255624 28.741546 2.322545 1.156473
-100.255624 28.741546 1.093522 1.156473
-100.996244 28.926736 1.313940 1.154017
-100.996244 28.926736 1.307724 1.154017
-101.736860 29.297117 1.023697 1.162480
-101.736860 29.297117 1.161674 1.162480
-102.600916 29.482307 0.981528 1.157791
-103.341532 29.852688 0.781747 1.166262
-103.341532 29.852688 0.615069 1.166262
-104.082151 30.037878 0.468509 1.163801
-104.082151 30.037878 0.487352 1.163801
-104.822763 30.593449 1.066601 1.183248
-104.822763 30.593449 1.344319 1.183248
-105.686819 30.778640 1.227038 1.178538
-105.686819 30.778640 0.686642 1.178538
-106.303998 31.149020 1.010989 1.189288
-106.303998 31.149020 1.867368 1.189288
-107.168057 31.149020 1.302872 1.173605
-107.168057 31.149020 1.471023 1.173605
-107.908680 31.149020 1.345763 1.160202
-107.908680 31.149020 1.802383 1.160202
-108.649298 31.334211 1.483094 1.157744
-108.649298 31.334211 1.139054 1.157744
-109.513361 31.149020 1.467274 1.131307
-109.513361 31.149020 1.079413 1.131307
-110.624295 31.149020 1.525537 1.111439
-110.624295 31.149020 1.241086 1.111439
-111.488358 30.963830 1.069489 1.085373
-112.352421 30.778640 0.276492 1.059564
-112.352421 30.778640 1.324023 1.059564
-112.969607 30.778640 1.372601 1.048801
-112.969607 30.778640 1.547599 1.048801
-113.586792 30.778640 1.279276 1.038091
-113.586792 30.778640 2.089899 1.038091
-114.327414 30.778640 1.194371 1.025312
-114.327414 30.778640 1.489592 1.025312
-114.944596 30.963830 0.641279 1.025095
-114.944596 30.963830 1.026182 1.025095
-115.561777 31.149020 0.989050 1.024879
-115.561777 31.149020 0.870290 1.024879
-116.178955 31.519401 -0.610830 1.035084
-116.178955 31.519401 1.149329 1.035084
-116.796133 31.889782 0.875508 1.045341
-116.796133 31.889782 1.439297 1.045341
-117.536748 32.260163 0.837527 1.053494
-117.536748 32.260163 1.074587 1.053494
-118.153929 32.445353 0.551532 1.053274
-118.153929 32.445353 1.335632 1.053274
-118.771110 32.630543 1.663105 1.053054
-119.388288 33.000924 0.809943 1.063396
-119.388288 33.000924 1.271186 1.063396
-120.005465 33.371305 1.189509 1.073783
-120.005465 33.371305 1.238047 1.073783
-120.746083 33.556495 1.324985 1.071392
-120.746083 33.556495 1.261529 1.071392
-121.486705 33.556495 1.025561 1.058416
-121.486705 33.556495 0.835931 1.058416
-122.103882 33.926876 0.892358 1.068782
-122.103882 33.926876 1.505708 1.068782
-122.721059 34.297257 0.812187 1.079192
-122.721059 34.297257 1.381826 1.079192
-123.214795 34.852828 1.178024 1.102556
-123.214795 34.852828 1.214898 1.102556
-124.078850 35.038018 0.908332 1.097947
-124.078850 35.038018 1.104188 1.097947
-124.572586 35.593589 0.354539 1.121466
-124.572586 35.593589 0.549638 1.121466
-125.313203 35.778780 0.426625 1.119034
-125.930380 36.149160 0.516298 1.129630
-125.930380 36.149160 0.228681 1.129630
-126.300679 36.704732 0.716979 1.155600
-126.300679 36.704732 0.988928 1.155600
-126.794410 37.445493 0.360284 1.190472
-126.794410 37.445493 0.138614 1.190472
-127.411582 38.001064 0.956634 1.212260
-127.411582 38.001064 1.095128 1.212260
-128.152199 38.186255 1.363570 1.209779
-128.152199 38.186255 1.691970 1.209779
-128.892812 38.556635 1.566669 1.218326
-128.892812 38.556635 1.498108 1.218326
-129.633434 38.556635 1.559392 1.204821
-129.633434 38.556635 2.199701 1.204821
-130.497488 38.741826 1.414962 1.200095
-130.497488 38.741826 0.975760 1.200095
-131.361542 38.927016 2.708644 1.195372
-131.361542 38.927016 1.433018 1.195372
-134.941194 39.667777 2.555739 -1.768762
-134.941194 39.667777 1.881041 -1.768762
-134.941194 39.667777 2.230694 -1.768762
-134.941194 39.667777 2.643094 -1.768762
-134.941194 39.667777 2.926946 -1.768762
-134.941194 39.667777 2.865529 -1.768762
-134.941194 39.667777 -2.495320 -1.768762
-134.941194 39.667777 -2.346635 -1.768762
-137.410146 30.778640 -2.334900 -1.273597
-137.410146 30.778640 -2.172320 -1.273597
-137.410164 30.037878 -1.863508 -1.243834
-137.410164 30.037878 -1.524821 -1.243834
-137.163304 29.482307 -1.384422 -1.225205
-137.163304 29.482307 -1.368134 -1.225205
-136.793006 28.926736 -1.348764 -1.208491
-136.793006 28.926736 -1.330189 -1.208491
-136.175824 28.741546 -1.177434 -1.208635
-136.175824 28.741546 -0.885794 -1.208635
-135.805513 28.741546 -1.011012 -1.212883
-135.805513 28.741546 -1.045383 -1.212883
-135.188319 29.111926 -0.777234 -1.234246
-135.188319 29.111926 0.114506 -1.234246
-134.694566 29.297117 -1.048205 -1.247426
-134.694566 29.297117 -0.654516 -1.247426
-134.077367 29.852688 -0.783863 -1.277500
-133.583610 30.223069 -0.970847 -1.299319
-133.583610 30.223069 -0.870909 -1.299319
-132.966416 30.593449 -0.968194 -1.323415
-132.966416 30.593449 -0.937903 -1.323415
-132.349222 30.963830 -0.855723 -1.348236
-132.349222 30.963830 -1.036402 -1.348236
-131.608591 31.334211 -0.814243 -1.375534
-131.608591 31.334211 -1.092293 -1.375534
-130.867969 31.334211 -1.002073 -1.386120
-130.867969 31.334211 -0.830966 -1.386120
-130.127351 31.149020 -1.186262 -1.388077
-130.127351 31.149020 -0.829837 -1.388077
-129.263291 31.149020 -1.126216 -1.400602
-129.263291 31.149020 -0.875332 -1.400602
-128.522677 30.778640 -0.953429 -1.393791
-128.522677 30.778640 -0.964036 -1.393791
-127.782063 30.408259 -1.120780 -1.387026
-127.782063 30.408259 -0.974396 -1.387026
-127.041445 30.223069 -1.126250 -1.388986
-127.041445 30.223069 -1.288473 -1.388986
-126.300827 30.037878 -1.026992 -1.390949
-126.300827 30.037878 -0.804948 -1.390949
-125.313330 30.037878 -1.221106 -1.405319
-124.449270 30.037878 -0.865642 -1.418064
-124.449270 30.037878 -1.035199 -1.418064
-123.708648 30.037878 -0.591152 -1.429114
-123.708648 30.037878 -0.752876 -1.429114
-122.844592 29.852688 -0.878114 -1.433013
-122.844592 29.852688 -0.902336 -1.433013
-122.227407 29.852688 -0.900706 -1.442345
-122.227407 29.852688 -1.166157 -1.442345
-121.486784 29.852688 -1.275310 -1.453647
-121.486784 29.852688 -1.083238 -1.453647
-120.746158 30.037878 -0.785236 -1.474465
-120.746158 30.037878 -1.086872 -1.474465
-120.128976 29.852688 -0.749217 -1.474662
-120.128976 29.852688 -0.931528 -1.474662
-119.388354 29.852688 -1.148550 -1.486283
-119.388354 29.852688 -1.401584 -1.486283
-118.647727 30.037878 -1.106300 -1.507668
-118.647727 30.037878 -1.016049 -1.507668
-117.907105 30.037878 -1.151567 -1.519592
-117.043045 30.037878 -1.157996 -1.533636
-117.043045 30.037878 -1.369691 -1.533636
-116.302419 30.223069 -1.275336 -1.555773
-116.302419 30.223069 -1.137596 -1.555773
-115.438355 30.408259 -1.080439 -1.580307
-115.438355 30.408259 -1.642057 -1.580307
-114.574288 30.778640 -1.276659 -1.615551
-114.574288 30.778640 -1.124367 -1.615551
-113.710225 30.963830 -0.920404 -1.640916
-113.710225 30.963830 -1.262043 -1.640916
-112.722725 31.149020 -1.194553 -1.668753
-112.722725 31.149020 -1.310165 -1.668753
-111.858666 31.149020 -1.586310 -1.683995
-111.858666 31.149020 -1.536228 -1.683995
-110.871169 31.149020 -1.381796 -1.701521
-110.871169 31.149020 -1.452711 -1.701521
-110.007113 30.963830 -1.234895 -1.706144
-109.143057 30.778640 -1.342660 -1.710774
-109.143057 30.778640 -1.365831 -1.710774
-108.402435 30.778640 -1.665492 -1.724026
-108.402435 30.778640 -1.398199 -1.724026
-107.661816 30.593449 -1.604642 -1.726466
-107.661816 30.593449 -1.184341 -1.726466
-106.921197 30.408259 -1.399356 -1.728907
-106.921197 30.408259 -1.484325 -1.728907
-106.180578 30.223069 -1.437414 -1.731351
-106.180578 30.223069 -1.200079 -1.731351
-105.439959 30.037878 -1.429681 -1.733795
-105.439959 30.037878 -1.323436 -1.733795
-104.822774 30.037878 -1.264156 -1.744907
-104.822774 30.037878 -1.532717 -1.744907
-104.082151 30.037878 -0.991340 -1.758281
-104.082151 30.037878 -1.009741 -1.758281
-103.218091 30.037878 -1.363260 -1.773934
-103.218091 30.037878 -1.347790 -1.773934
-102.477472 29.852688 -1.381225 -1.776402
-101.736850 29.852688 -1.197703 -1.789862
-101.736850 29.852688 -1.192571 -1.789862
-100.996227 29.852688 -0.621644 -1.803350
-100.996227 29.852688 -1.046705 -1.803350
-100.255605 29.852688 -1.485861 -1.816862
-100.255605 29.852688 -1.097692 -1.816862
-99.514982 29.852688 -1.153698 -1.830392
-99.514982 29.852688 -1.408204 -1.830392
-98.774366 29.482307 -1.516804 -1.821830
-98.774366 29.482307 -1.143380 -1.821830
-98.033747 29.297117 -1.739110 -1.824316
-98.033747 29.297117 -1.115825 -1.824316
-97.293127 29.111926 -1.653474 -1.826801
-97.293127 29.111926 -1.614183 -1.826801
-96.552508 28.926736 -1.609810 -1.829288
-96.552508 28.926736 -1.555881 -1.829288
-95.811891 28.556355 -1.828212 -1.820727
-95.811891 28.556355 -1.642034 -1.820727
-95.071275 28.185974 -1.469086 -1.812173
-94.454095 27.815594 -1.614961 -1.801378
-94.454095 27.815594 -1.693570 -1.801378
-93.960356 27.260023 -1.814618 -1.777366
-93.960356 27.260023 -1.964274 -1.777366
-93.219742 26.704452 -1.423674 -1.757920
-93.219742 26.704452 -1.581187 -1.757920
-92.726002 26.148880 -1.735337 -1.734117
-92.726002 26.148880 -1.460068 -1.734117
-91.985382 25.963690 -1.930982 -1.736564
-91.985382 25.963690 -1.559093 -1.736564
-91.368200 25.778500 -1.693110 -1.736790
-91.368200 25.778500 -1.613112 -1.736790
-90.504145 25.408119 -1.532099 -1.730587
-90.504145 25.408119 -1.601644 -1.730587
-89.763528 25.037738 -1.317513 -1.722181
-89.022913 24.482167 -1.445448 -1.703009
-89.022913 24.482167 -1.555923 -1.703009
-88.405736 23.926596 -1.296347 -1.681776
-88.405736 23.926596 -1.689584 -1.681776
-87.788556 23.556215 -1.617923 -1.671332
-87.788556 23.556215 -1.748994 -1.671332
-87.171375 23.185834 -1.600138 -1.660932
-87.171375 23.185834 -1.600350 -1.660932
-86.554195 22.815454 -1.799770 -1.650577
-86.554195 22.815454 -1.678601 -1.650577
-86.060451 22.445073 -1.540457 -1.638126
-86.060451 22.445073 -2.337407 -1.638126
-85.319833 22.074692 -1.783117 -1.630011
-85.319833 22.074692 -1.411398 -1.630011
-84.702653 21.704311 -1.711636 -1.619803
-84.085472 21.333931 -1.541144 -1.609647
-84.085472 21.333931 -1.651429 -1.609647
-83.344856 20.778360 -1.449808 -1.591377
-83.344856 20.778360 -1.285902 -1.591377
-82.727675 20.407979 -1.268095 -1.581378
-82.727675 20.407979 -1.491704 -1.581378
-82.110497 19.852408 -1.420456 -1.561348
-82.110497 19.852408 -1.135888 -1.561348
-81.369878 19.482027 -1.431924 -1.553572
-81.369878 19.482027 -1.442850 -1.553572
-80.629257 19.296837 -1.573265 -1.555826
-80.629257 19.296837 -1.629634 -1.555826
-80.012075 18.926456 -1.548861 -1.546044
-80.012075 18.926456 -1.460446 -1.546044
-79.394894 18.556075 -1.188374 -1.536325
-79.394894 18.556075 -1.084469 -1.536325
-78.654275 18.185694 -1.533312 -1.528678
-77.913656 17.815314 -1.558450 -1.521073
-77.913656 17.815314 -1.439563 -1.521073
-77.173037 17.444933 -1.503605 -1.513509
-77.173037 17.444933 -1.675910 -1.513509
-76.432415 17.259743 -1.664939 -1.515701
-76.432415 17.259743 -1.810790 -1.515701
-75.815233 16.889362 -1.763663 -1.506189
-75.815233 16.889362 -1.532724 -1.506189
-75.074617 16.333791 -1.722862 -1.489120
-75.074617 16.333791 -1.577964 -1.489120
-74.333997 15.963410 -1.481658 -1.481739
-74.333997 15.963410 -1.558635 -1.481739
-73.593380 15.407839 -1.688345 -1.465000
-73.593380 15.407839 -1.280038 -1.465000
-72.976200 14.852268 -1.236976 -1.446614
-72.235580 14.481887 -1.199173 -1.439495
-72.235580 14.481887 -1.464050 -1.439495
-71.494963 13.926316 -1.515613 -1.423365
-71.494963 13.926316 -1.226417 -1.423365
-70.877780 13.555935 -1.437112 -1.414571
-70.877780 13.555935 -1.100447 -1.414571
-70.013720 13.370745 -1.260811 -1.418417
-70.013720 13.370745 -1.260110 -1.418417
-69.273100 13.000364 -0.743931 -1.411484
-69.273100 13.000364 -1.468891 -1.411484
-68.285600 13.000364 -1.554718 -1.426151
-68.285600 13.000364 -1.276706 -1.426151
-67.544976 13.000364 -1.241348 -1.437286
-67.544976 13.000364 -1.085723 -1.437286
-66.804353 12.815174 -1.303963 -1.439345
-66.804353 12.815174 -1.353175 -1.439345
-65.940291 12.815174 -1.204334 -1.452506
-65.940291 12.815174 -1.401379 -1.452506
-65.199666 12.815174 -1.383889 -1.463911
-64.335602 13.000364 -1.295855 -1.486857
-64.335602 13.000364 -1.551874 -1.486857
-63.471540 13.000364 -1.754376 -1.500559
-63.471540 13.000364 -1.460617 -1.500559
-62.607480 12.815174 -1.468406 -1.504702
-62.607480 12.815174 -1.491713 -1.504702
-61.866857 12.629983 -1.622990 -1.506880
-61.866857 12.629983 -1.373394 -1.506880
-61.126236 12.259603 -1.367660 -1.499396
-61.126236 12.259603 -1.321587 -1.499396
-60.262178 11.889222 -2.097246 -1.493911
-60.262178 11.889222 -1.471126 -1.493911
-59.521555 11.704031 -1.467670 -1.496070
-59.521555 11.704031 -1.305236 -1.496070
-58.780934 11.333651 -1.179672 -1.488648
-58.780934 11.333651 -1.269754 -1.488648
-58.040312 10.963270 -1.437708 -1.481270
-58.040312 10.963270 -1.719353 -1.481270
-57.299689 10.778080 -0.765461 -1.483408
-56.559068 10.407699 -1.437379 -1.476061
-56.559068 10.407699 -1.331546 -1.476061
-55.941882 10.222508 -1.674445 -1.476258
-55.941882 10.222508 -1.304070 -1.476258
-55.201261 9.852128 -1.015286 -1.468954
-55.201261 9.852128 -1.396708 -1.468954
-54.460639 9.481747 -1.355117 -1.461695
-54.460639 9.481747 -1.333873 -1.461695
-53.720016 9.296557 -1.239563 -1.463798
-53.720016 9.296557 -1.330371 -1.463798
-52.979392 9.111366 -1.309034 -1.465905
-52.979392 9.111366 -1.234274 -1.465905
-52.238769 8.926176 -1.156008 -1.468016
-52.238769 8.926176 -1.249002 -1.468016
-51.498143 8.926176 -1.462928 -1.479573
-51.498143 8.926176 -1.324586 -1.479573
-50.757520 8.740986 -1.289404 -1.481708
-50.016894 8.740986 -0.864813 -1.493395
-50.016894 8.740986 -1.145362 -1.493395
-49.276269 8.740986 -1.021061 -1.505191
-49.276269 8.740986 -1.558420 -1.505191
-48.535644 8.740986 -1.588721 -1.517093
-48.535644 8.740986 -1.462675 -1.517093
-47.795020 8.555795 -1.257083 -1.519291
-47.795020 8.555795 -1.533717 -1.519291
-47.054396 8.370605 -1.668918 -1.521493
-47.054396 8.370605 -1.227755 -1.521493
-46.313773 8.185414 -1.576255 -1.523697
-46.313773 8.185414 -1.605069 -1.523697
-45.573149 8.000224 -1.575543 -1.525906
-45.573149 8.000224 -1.485818 -1.525906
-44.832525 7.815034 -1.348982 -1.528118
-44.832525 7.815034 -1.741449 -1.528118
-44.091902 7.444653 -1.641564 -1.520515
-44.091902 7.444653 -1.822428 -1.520515
-43.351280 7.074272 -1.603155 -1.512954
-43.351280 7.074272 -1.634726 -1.512954
-42.734094 6.703891 -1.745177 -1.503462
-42.734094 6.703891 -1.777261 -1.503462
-41.993473 6.148320 -1.841188 -1.486429
-41.376288 5.777940 -1.693057 -1.477131
-41.376288 5.777940 -1.790604 -1.477131
-40.759104 5.222368 -1.662938 -1.458553
-40.759104 5.222368 -1.609104 -1.458553
-40.141919 4.666797 -1.545617 -1.440271
-40.141919 4.666797 -1.714874 -1.440271
-39.524735 4.111226 -1.947644 -1.422288
-39.524735 4.111226 -2.058900 -1.422288
-39.030988 3.555655 -1.830425 -1.402802
-39.030988 3.555655 -1.872180 -1.402802
-38.413804 3.000084 -1.885044 -1.385462
-38.413804 3.000084 -1.821497 -1.385462
-37.796620 2.259323 -1.774508 -1.359944
-37.796620 2.259323 -1.649679 -1.359944
-37.302873 1.703751 -1.579557 -1.341690
-37.302873 1.703751 -1.392913 -1.341690
-36.685688 1.148180 -1.356485 -1.325471
-35.945064 0.777800 -1.461551 -1.319204
-35.945064 0.777800 -1.221717 -1.319204
-35.327878 0.407419 -1.452454 -1.311356
-35.327878 0.407419 -1.323115 -1.311356
-34.587252 0.407419 -1.388674 -1.321188
-34.587252 0.407419 -1.305373 -1.321188
-33.723190 0.037038 -1.372868 -1.316592
-33.723190 0.037038 -1.642007 -1.316592
-32.982564 -0.148152 -1.415454 -1.318400
-32.982564 -0.148152 -1.546625 -1.318400
-32.241939 -0.333343 -1.493121 -1.320213
-32.241939 -0.333343 -1.562128 -1.320213
-31.501315 -0.703723 -1.795034 -1.313987
-31.501315 -0.703723 -1.576021 -1.313987
-30.760690 -1.074104 -1.723944 -1.307809
-30.760690 -1.074104 -1.632809 -1.307809
-30.020065 -1.444485 -1.697477 -1.301678
-29.279442 -2.000056 -1.728609 -1.287814
-29.279442 -2.000056 -1.459311 -1.287814
-28.538817 -2.370437 -1.649757 -1.281839
-28.538817 -2.370437 -1.718820 -1.281839
-27.798192 -2.740817 -1.509998 -1.275910
-27.798192 -2.740817 -1.423449 -1.275910
-27.057567 -3.111198 -1.065804 -1.270029
-27.057567 -3.111198 -1.285312 -1.270029
-26.316941 -3.296389 -1.370293 -1.271732
-26.316941 -3.296389 -1.352368 -1.271732
-25.576315 -3.481579 -1.352714 -1.273439
-25.576315 -3.481579 -1.454507 -1.273439
-24.712250 -3.481579 -1.253465 -1.284372
-24.712250 -3.481579 -1.354262 -1.284372
-23.971623 -3.481579 -1.047521 -1.293871
-23.971623 -3.481579 -0.970170 -1.293871
-23.230996 -3.296389 -1.117045 -1.311427
-22.490369 -3.296389 -1.059959 -1.321259
-22.490369 -3.296389 -0.938311 -1.321259
-21.749741 -3.111198 -1.087564 -1.339423
-21.749741 -3.111198 -1.235585 -1.339423
-21.009114 -2.926008 -1.196782 -1.357981
-21.009114 -2.926008 -1.138541 -1.357981
-20.268487 -2.926008 -0.769558 -1.368367
-20.268487 -2.926008 -1.191942 -1.368367
-19.527859 -2.555627 -0.951468 -1.396276
-19.527859 -2.555627 -1.046906 -1.396276
-18.663794 -2.370437 -0.863786 -1.417839
-18.663794 -2.370437 -1.217587 -1.417839
-17.923166 -2.000056 -1.064758 -1.447173
-17.923166 -2.000056 -1.118375 -1.447173
-17.182539 -2.000056 -1.706783 -1.458525
-17.182539 -2.000056 -1.391479 -1.458525
-16.318474 -1.814866 -1.508022 -1.481367
-16.318474 -1.814866 -1.424856 -1.481367
-15.577848 -2.000056 -1.348271 -1.483505
-15.577848 -2.000056 -1.276813 -1.483505
-14.837221 -2.000056 -1.441893 -1.495209
-13.973157 -2.185246 -1.564699 -1.499335
-13.973157 -2.185246 -1.459529 -1.499335
-13.232531 -2.185246 -1.316188 -1.511185
-13.232531 -2.185246 -1.596012 -1.511185
-12.491904 -2.370437 -1.784559 -1.513374
-12.491904 -2.370437 -1.827588 -1.513374
-11.751279 -2.926008 -1.934934 -1.496211
-11.751279 -2.926008 -1.617079 -1.496211
-11.010653 -3.296389 -1.562639 -1.488788
-11.010653 -3.296389 -1.653727 -1.488788
-10.270027 -3.851960 -1.466897 -1.471953
-10.270027 -3.851960 -1.453600 -1.471953
-9.529400 -4.222340 -1.559210 -1.464675
-9.529400 -4.222340 -1.805638 -1.464675
-8.788774 -4.407531 -1.440373 -1.466784
-8.788774 -4.407531 -1.572290 -1.466784
-8.048147 -4.777912 -1.607091 -1.459538
-8.048147 -4.777912 -1.522022 -1.459538
-7.307521 -5.148292 -1.138129 -1.452338
-6.566894 -5.333483 -1.650391 -1.454424
-6.566894 -5.333483 -1.580381 -1.454424
-5.702829 -5.703863 -1.510195 -1.449140
-5.702829 -5.703863 -1.700963 -1.449140
-4.962202 -6.074244 -0.759758 -1.442005
-4.962202 -6.074244 -1.879394 -1.442005
-4.345013 -6.444625 -2.091470 -1.433057
-4.345013 -6.444625 -1.855749 -1.433057
-3.727824 -7.000196 -2.312150 -1.415195
-3.727824 -7.000196 -1.643371 -1.415195
-3.110635 -7.555767 -1.630810 -1.397638
-3.110635 -7.555767 -1.776015 -1.397638
-2.493446 -8.111338 -1.790753 -1.380389
-2.493446 -8.111338 -1.744893 -1.380389
-1.876256 -8.666909 -2.344532 -1.363450
-1.259067 -9.222480 -1.862374 -1.346822
1.086254 -11.444765 -1.482501 -0.872665
1.086254 -11.444765 -1.607794 -0.872665
1.086254 -11.444765 -1.548164 -0.872665
1.086254 -11.444765 -1.548463 -0.872665
1.086254 -11.444765 -1.345491 -0.872665
1.086254 -11.444765 -1.394328 -0.872665
2.444074 -16.815286 -1.311052 -0.872665
2.444074 -16.815286 -1.098641 -0.872665
3.061265 -17.185666 -1.015767 -0.872665
3.061265 -17.185666 -0.551436 -0.872665
3.678456 -17.370857 -0.613104 -0.872665
3.678456 -17.370857 -0.708964 -0.872665
