8.640653 2.074132 -1.600064 1.055076
8.640653 2.074132 -3.002716 1.055076
8.640653 2.074132 -1.692977 1.055076
8.640653 2.074132 -1.817649 1.055076
8.640653 2.074132 -1.529613 1.055076
8.640653 2.074132 -1.390031 1.055076
8.640653 2.074132 -1.339344 1.055076
9.875028 4.296417 -0.375543 1.158412
9.628153 4.111226 -0.176210 1.144962
9.628153 4.111226 -0.313828 1.144962
9.504715 4.111226 -0.053118 1.140371
9.504715 4.111226 -0.237487 1.140371
9.504714 4.296417 0.402322 1.144797
9.504714 4.296417 0.691550 1.144797
9.381277 4.296417 0.748148 1.140205
9.381277 4.296417 0.685691 1.140205
9.381276 4.666797 1.068451 1.149035
9.381276 4.666797 1.215247 1.149035
9.010962 4.666797 1.497209 1.135252
9.010962 4.666797 1.936666 1.135252
8.270335 4.851988 1.897267 1.111565
8.270335 4.851988 2.633195 1.111565
7.653146 5.037178 1.557272 1.092082
7.653146 5.037178 1.569986 1.092082
7.035956 5.037178 2.898328 1.067326
7.035956 5.037178 1.738173 1.067326
6.171892 5.037178 1.648734 1.031525
5.307827 5.222368 1.361782 0.999595
5.307827 5.222368 -2.459130 0.999595
4.567200 5.407559 2.135774 0.972220
4.567200 5.407559 2.674575 0.972220
3.703135 5.592749 1.468102 0.938554
3.703135 5.592749 1.390217 0.938554
2.839070 5.777940 1.374420 0.903993
2.839070 5.777940 1.403505 0.903993
2.098443 6.148320 1.929379 0.880196
2.098443 6.148320 1.323503 0.880196
1.357816 6.333511 1.373123 0.850260
1.357816 6.333511 1.306705 0.850260
0.617189 6.703891 1.452703 0.825670
0.617189 6.703891 1.872123 0.825670
-0.123438 6.889082 1.494873 0.794821
-0.123438 6.889082 1.894992 0.794821
-0.864064 7.259463 1.452835 0.769554
-0.864064 7.259463 1.187762 0.769554
-1.481253 7.629843 1.125482 0.750319
-1.481253 7.629843 1.078988 0.750319
-2.221880 7.815034 1.136760 0.718500
-2.221880 7.815034 1.221931 0.718500
-3.209382 8.000224 1.253695 0.673550
-4.073446 8.185414 1.173957 0.634648
-4.073446 8.185414 0.967080 0.634648
-4.937510 8.555795 1.082636 0.601805
-4.937510 8.555795 1.332418 0.601805
-5.678137 8.740986 1.251303 0.569129
-5.678137 8.740986 1.089849 0.569129
-6.542201 8.926176 1.109997 0.529977
-6.542201 8.926176 1.188096 0.529977
-7.159389 9.296557 0.586218 0.510091
-7.159389 9.296557 0.667030 0.510091
-7.900015 9.666937 0.897604 0.483810
-7.900015 9.666937 0.596865 0.483810
-8.640641 10.037318 0.825738 0.457648
-8.640641 10.037318 0.982290 0.457648
-9.257828 10.592889 0.476703 0.444164
-9.257828 10.592889 1.178624 0.444164
-9.751578 11.333651 0.673236 0.443246
-9.751578 11.333651 0.124713 0.443246
-10.121890 11.889222 1.230379 0.442557
-10.615640 12.444793 0.818494 0.435492
-10.615640 12.444793 0.793150 0.435492
-10.985952 13.000364 0.781286 0.434804
-10.985952 13.000364 0.243937 0.434804
-11.479701 13.555935 0.738181 0.427753
-11.479701 13.555935 0.769672 0.427753
-11.850013 14.296697 -0.392943 0.433201
-11.850013 14.296697 0.258284 0.433201
-12.096886 15.037458 0.959142 0.445040
-12.096886 15.037458 -0.222060 0.445040
-12.343760 15.778220 -0.624614 0.456914
-12.343760 15.778220 0.269890 0.456914
-12.837509 16.333791 1.131756 0.449822
-12.837509 16.333791 0.730179 0.449822
-13.331259 16.704171 0.898604 0.436594
-13.331259 16.704171 0.954535 0.436594
-13.948445 17.259743 0.819361 0.423184
-13.948445 17.259743 0.998236 0.423184
-14.565632 17.815314 0.900309 0.409828
-15.059381 18.185694 0.957542 0.396756
-15.059381 18.185694 0.204591 0.396756
-15.553130 18.556075 0.724439 0.383744
-15.553130 18.556075 1.421978 0.383744
-15.800003 19.296837 0.854547 0.395398
-15.800003 19.296837 0.573698 0.395398
-16.170314 19.852408 0.891216 0.394720
-16.170314 19.852408 0.937959 0.394720
-16.540624 20.778360 0.607594 0.406193
-16.540624 20.778360 0.918117 0.406193
-17.034372 21.519121 0.521827 0.405285
-17.034372 21.519121 0.532223 0.405285
-17.528119 22.259883 0.179998 0.404377
-17.528119 22.259883 0.155806 0.404377
-18.021867 22.815454 0.477270 0.397393
-18.392178 23.371025 0.443255 0.396714
-18.392178 23.371025 -0.000117 0.396714
-18.762488 24.111786 -0.519333 0.402108
-18.762488 24.111786 0.537796 0.402108
-19.132798 24.852548 -0.527473 0.407513
-19.132798 24.852548 0.032473 0.407513
-19.626545 25.593309 0.379366 0.406604
-19.626545 25.593309 0.656844 0.406604
-20.120291 26.519261 0.208321 0.411790
-20.120291 26.519261 0.735697 0.411790
-20.614037 27.445213 -0.102655 0.416983
-20.614037 27.445213 0.145567 0.416983
-20.860909 28.185974 1.487045 0.428768
-20.860909 28.185974 0.750187 0.428768
-21.354656 28.926736 0.834923 0.427853
-21.354656 28.926736 0.879081 0.427853
-21.724965 29.667497 0.222538 0.433301
-21.724965 29.667497 0.649379 0.433301
-22.095274 30.408259 0.810792 0.438757
-22.465583 31.149020 0.327235 0.444222
-22.465583 31.149020 0.491365 0.444222
-22.712454 31.889782 0.419092 0.456093
-22.712454 31.889782 0.772372 0.456093
-23.082763 32.630543 0.295109 0.461581
-23.082763 32.630543 0.543884 0.461581
-23.329634 33.371305 -0.822625 0.473499
-23.329634 33.371305 0.395754 0.473499
-23.699942 34.297257 1.178598 0.485214
-23.699942 34.297257 -1.036565 0.485214
-23.946814 34.852828 0.658692 0.490964
-23.946814 34.852828 0.537094 0.490964
-24.317123 35.593589 0.780916 0.496488
-24.317123 35.593589 0.827943 0.496488
-24.810869 36.149160 1.050340 0.489342
-24.810869 36.149160 1.072347 0.489342
-25.428053 36.519541 0.838575 0.469571
-25.428053 36.519541 1.020258 0.469571
-25.921799 37.075112 0.851989 0.462460
-26.292108 37.630683 0.658987 0.461769
-26.292108 37.630683 0.396018 0.461769
-26.785853 38.371445 0.200551 0.460847
-26.785853 38.371445 0.660192 0.460847
-27.279599 38.927016 0.335634 0.453749
-27.279599 38.927016 0.580288 0.453749
-27.773344 39.482587 0.474386 0.446663
-27.773344 39.482587 0.754145 0.446663
-28.143652 40.223349 0.096239 0.452138
-28.143652 40.223349 0.212932 0.452138
-28.637397 40.964110 0.576223 0.451218
-28.637397 40.964110 0.352832 0.451218
-29.254579 41.519681 0.728536 0.437756
-29.254579 41.519681 0.662163 0.437756
-29.748324 42.075252 -0.400748 0.430700
-29.748324 42.075252 0.776634 0.430700
-30.365506 42.630823 0.983014 0.417313
-30.982688 43.186395 0.974400 0.403982
-30.982688 43.186395 0.551572 0.403982
-31.599870 43.741966 0.685375 0.390711
-31.599870 43.741966 0.671384 0.390711
-32.217052 44.297537 0.810211 0.377503
-32.217052 44.297537 0.558003 0.377503
-32.957671 44.853108 0.592299 0.358155
-32.957671 44.853108 0.368784 0.358155
-33.451416 45.408679 -0.061192 0.351297
-33.451416 45.408679 0.147318 0.351297
-33.945160 45.964250 0.395855 0.344459
-33.945160 45.964250 0.529689 0.344459
-34.562340 46.705012 0.546986 0.337422
-34.562340 46.705012 0.520799 0.337422
-35.056085 47.260583 0.372338 0.330628
-35.056085 47.260583 0.233719 0.330628
-35.426391 48.001344 0.633310 0.335877
-35.920135 48.556915 0.524851 0.329088
-35.920135 48.556915 0.587105 0.329088
-36.413878 49.297677 0.102102 0.328209
-36.413878 49.297677 0.594582 0.328209
-36.784183 50.038438 0.377434 0.333451
-36.784183 50.038438 0.529123 0.333451
-37.277926 50.779200 0.522566 0.332570
-37.277926 50.779200 -1.623110 0.332570
-37.648233 51.334771 0.742560 0.331910
-37.648233 51.334771 0.686516 0.331910
-37.895102 52.075532 0.607057 0.343312
-37.895102 52.075532 -0.006995 0.343312
-38.265408 52.631103 0.598267 0.342648
-38.265408 52.631103 0.517580 0.342648
-38.635714 53.371865 0.534112 0.347926
-38.635714 53.371865 0.399973 0.347926
-39.129457 53.927436 0.711871 0.341099
-39.129457 53.927436 0.671630 0.341099
-39.499763 54.483007 0.111685 0.340436
-39.870070 55.038578 0.441057 0.339772
-39.870070 55.038578 0.593691 0.339772
-40.240376 55.594149 0.669004 0.339110
-40.240376 55.594149 0.589922 0.339110
-40.734118 56.334911 0.663461 0.338226
-40.734118 56.334911 0.371148 0.338226
-41.104424 56.890482 0.942841 0.337563
-41.104424 56.890482 0.384527 0.337563
-41.598165 57.631243 0.395496 0.336681
-41.598165 57.631243 0.475314 0.336681
-41.968471 58.186815 0.396714 0.336019
-41.968471 58.186815 0.292951 0.336019
-42.215339 58.927576 0.317126 -2.995884
-42.215339 58.927576 0.138740 -2.995884
-42.585645 59.483147 0.246920 -2.973991
-42.585645 59.483147 0.474331 -2.973991
-42.832513 60.223909 0.749376 -2.960027
-42.832513 60.223909 0.955476 -2.960027
-43.079382 60.779480 1.058974 -2.945848
-43.573126 61.149861 3.059216 -2.916604
-43.573126 61.149861 2.700490 -2.916604
-44.066871 61.335051 2.440236 -2.887432
-44.066871 61.335051 2.851279 -2.887432
-44.684055 61.149861 2.961593 -2.850925
-44.684055 61.149861 -3.127570 -2.850925
-45.054366 60.964670 -2.703524 -2.829253
-45.054366 60.964670 -2.594303 -2.829253
-45.177806 60.594289 -2.430986 -2.821653
-45.177806 60.594289 -2.910877 -2.821653
-45.301247 60.038718 -2.297066 -2.813828
-45.301247 60.038718 -2.244650 -2.813828
-45.424687 59.668338 -2.086378 -2.806300
-45.424687 59.668338 -2.025466 -2.806300
-45.177818 59.112766 -2.050267 -2.819562
-45.177818 59.112766 -1.895551 -2.819562
-44.930947 58.742386 -1.960584 -2.833197
-44.930947 58.742386 -2.078346 -2.833197
-44.437205 58.186815 -1.902153 -2.861057
-44.066899 57.631243 -2.006706 -2.882021
-44.066899 57.631243 -2.430378 -2.882021
-43.573157 57.075672 -1.774242 -2.910576
-43.573157 57.075672 -1.957784 -2.910576
-43.202851 56.520101 -1.926311 -2.932013
-43.202851 56.520101 -2.186563 -2.932013
-42.709108 55.964530 -2.136343 -2.961142
-42.709108 55.964530 -2.168362 -2.961142
-42.338802 55.408959 -2.091619 -2.982957
-42.338802 55.408959 -2.147536 -2.982957
-41.845059 54.853388 -2.042173 -3.012524
-41.845059 54.853388 -2.136899 -3.012524
-41.474754 54.112626 -2.245615 -3.034326
-41.474754 54.112626 -2.297715 -3.034326
-41.227886 53.371865 -2.538798 -3.048527
-41.227886 53.371865 -2.297556 -3.048527
-40.857581 52.631103 -2.585937 -3.070448
-40.610713 51.890342 -2.916196 -3.084708
-40.610713 51.890342 -2.379266 -3.084708
-40.487280 51.334771 -2.644472 -3.091558
-40.487280 51.334771 -2.585328 -3.091558
-40.487285 50.594009 -2.732828 -3.090416
-40.487285 50.594009 -2.503238 -3.090416
-40.487289 50.038438 -2.665584 -3.089560
-40.487289 50.038438 -2.712641 -3.089560
-40.487293 49.482867 -3.071705 -3.088704
-40.487293 49.482867 -2.821750 -3.088704
-40.487298 48.742106 -2.987944 -3.087562
-40.487298 48.742106 -2.799913 -3.087562
-40.487304 48.001344 -2.939843 -3.086420
-40.487304 48.001344 -2.413712 -3.086420
-40.363871 47.445773 -3.067731 -3.093271
-40.363871 47.445773 -2.456185 -3.093271
-40.363876 46.705012 -2.563919 -3.092129
-40.240444 45.964250 -2.504662 -3.098696
-40.240444 45.964250 -2.474939 -3.098696
-40.240449 45.223489 -2.835506 -3.097553
-40.240449 45.223489 -2.722451 -3.097553
-40.240455 44.482727 2.720014 -3.096411
-40.240455 44.482727 -2.802652 -3.096411
-40.240459 43.927156 -2.668374 -3.095555
-40.240459 43.927156 -2.236010 -3.095555
-40.240464 43.186395 -2.534655 -3.094413
-40.240464 43.186395 -2.563024 -3.094413
-40.240469 42.445633 -2.612091 -3.093271
-40.240469 42.445633 -2.651383 -3.093271
-40.117037 41.704872 -3.047129 -3.099838
-40.117037 41.704872 -2.939545 -3.099838
-40.240480 40.964110 -2.961652 -3.090987
-40.240485 40.223349 -2.554678 -3.089845
-40.240485 40.223349 -2.916743 -3.089845
-40.240490 39.482587 -2.457633 -3.088703
-40.240490 39.482587 -2.797870 -3.088703
-40.240497 38.556635 -3.037570 -3.087276
-40.240497 38.556635 -3.121946 -3.087276
-40.117065 37.815874 -2.826797 -3.093842
-40.117065 37.815874 -2.620493 -3.093842
-40.240507 37.075112 -2.780247 -3.084993
-40.240507 37.075112 -2.880585 -3.084993
-40.240514 36.149160 -2.993163 -3.083567
-40.240514 36.149160 -2.852723 -3.083567
-40.240518 35.593589 -2.632912 -3.082711
-40.240518 35.593589 -2.662360 -3.082711
-40.363961 34.667637 2.730032 -3.073584
-40.363961 34.667637 -3.135228 -3.073584
-40.117092 33.926876 -2.625933 -3.087847
-40.117092 33.926876 -2.907656 -3.087847
-40.117099 33.000924 -2.800853 -3.086420
-39.870231 32.074972 -2.811510 -3.100409
-39.870231 32.074972 -2.894978 -3.100409
-39.870237 31.149020 -2.981543 -3.098981
-39.870237 31.149020 3.126302 -3.098981
-39.870245 30.037878 -2.950035 -1.677987
-39.870245 30.037878 -2.724337 -1.677987
-39.870250 29.297117 -2.970396 -1.633384
-39.870250 29.297117 -2.308826 -1.633384
-39.870255 28.556355 1.760359 -1.588140
-39.870255 28.556355 -2.129826 -1.588140
-39.870261 27.815594 -1.645921 -1.542430
-39.870261 27.815594 -1.773912 -1.542430
-39.376516 27.074832 -1.733474 -1.493507
-39.376516 27.074832 -1.561225 -1.493507
-38.882771 26.519261 -1.711652 -1.456014
-38.882771 26.519261 -1.536998 -1.456014
-38.389025 25.963690 -1.136499 -1.418576
-38.389025 25.963690 -1.489321 -1.418576
-37.524966 25.593309 -1.119669 -1.390546
-36.660908 25.037738 -0.701509 -1.351289
-36.660908 25.037738 -1.043866 -1.351289
-35.920283 25.037738 -0.533703 -1.346962
-35.920283 25.037738 -0.860886 -1.346962
-35.056223 24.852548 -0.568625 -1.330621
-35.056223 24.852548 -0.723865 -1.330621
-34.192159 25.222929 -0.861990 -1.348204
-34.192159 25.222929 -0.878348 -1.348204
-33.574970 25.408119 -1.756544 -1.355942
-33.574970 25.408119 -0.885122 -1.355942
-32.957781 25.778500 -1.339937 -1.375087
-32.957781 25.778500 -0.655612 -1.375087
-32.217154 26.334071 -0.893484 -1.405033
-32.217154 26.334071 -0.801970 -1.405033
-31.599964 26.889642 -0.465301 -1.435839
-31.599964 26.889642 -0.624318 -1.435839
-30.982774 27.445213 -0.881238 -1.466720
-30.982774 27.445213 -0.516590 -1.466720
-30.242148 27.815594 -0.736737 -1.485366
-29.624959 28.185974 -0.987506 -1.504738
-29.624959 28.185974 -1.424665 -1.504738
-28.884334 28.556355 -0.969386 -1.523357
-28.884334 28.556355 -0.952176 -1.523357
-28.143707 29.111926 -0.487853 -1.553405
-28.143707 29.111926 -0.948963 -1.553405
-27.403081 29.482307 -0.608061 -1.571911
-27.403081 29.482307 -1.210377 -1.571911
-26.662457 29.667497 -0.959891 -1.578965
-26.662457 29.667497 -1.037932 -1.578965
-25.798395 29.852688 -1.206767 -1.585285
-25.798395 29.852688 -0.782691 -1.585285
-25.057770 30.037878 -0.830365 -1.592319
-25.057770 30.037878 -1.384959 -1.592319
-24.193708 30.223069 -1.405457 -1.598620
-24.193708 30.223069 -1.527715 -1.598620
-23.329647 30.223069 -1.372759 -1.593564
-23.329647 30.223069 -1.335349 -1.593564
-22.465586 30.223069 -1.452274 -1.588502
-22.465586 30.223069 -1.630045 -1.588502
-17.898411 28.926736 -2.766990 1.671486
-17.898411 28.926736 -2.869314 1.671486
-17.898411 28.926736 3.079755 1.671486
-17.898411 28.926736 -2.885155 1.671486
-17.898411 28.926736 2.986537 1.671486
-17.898411 28.926736 2.595135 1.671486
-17.898411 28.926736 -3.052725 1.671486
-17.898411 28.926736 -3.023042 1.671486
-17.898411 28.926736 2.387066 1.671486
-17.898411 28.926736 1.998843 1.671486
-17.898411 28.926736 2.336207 1.671486
-17.898411 28.926736 1.871031 1.671486
-17.898411 28.926736 1.886741 1.671486
-17.898411 28.926736 2.110272 1.671486
-17.898411 28.926736 1.422694 1.671486
-17.898411 28.926736 1.182392 1.671486
-17.898411 28.926736 1.594475 1.671486
-17.898411 28.926736 1.608054 1.671486
-17.898411 28.926736 1.169680 1.671486
-17.528095 30.037878 1.161453 1.738293
-17.528095 30.037878 1.429466 1.738293
-18.392157 29.852688 1.467129 1.731931
-19.379656 29.667497 1.847446 1.726295
-19.379656 29.667497 1.672931 1.726295
-20.367155 29.482307 3.023994 1.720654
-20.367155 29.482307 2.588481 1.720654
-21.354653 29.482307 1.831065 1.726498
-21.354653 29.482307 1.575279 1.726498
-22.095277 29.482307 1.379065 1.730877
-22.095277 29.482307 1.707157 1.730877
-22.959338 29.482307 1.754006 1.735984
-22.959338 29.482307 1.765502 1.735984
-24.070274 29.482307 1.207620 1.742544
-24.070274 29.482307 0.967636 1.742544
-25.057773 29.482307 1.530810 1.748370
-25.057773 29.482307 1.883555 1.748370
-25.921833 29.667497 1.719860 1.764885
-25.921833 29.667497 2.280463 1.764885
-26.662457 29.482307 1.560981 1.757825
-27.649957 29.297117 1.674296 1.752210
-27.649957 29.297117 -3.075577 1.752210
-28.143705 29.482307 1.949991 1.766538
-28.143705 29.482307 1.484013 1.766538
-28.760892 29.482307 3.107770 1.770164
-28.760892 29.482307 1.972960 1.770164
-29.624954 29.297117 1.876203 1.763837
-29.624954 29.297117 2.154317 1.763837
-30.365578 29.297117 1.893834 1.768190
-30.365578 29.297117 1.904892 1.768190
-31.106199 29.667497 1.115429 1.795263
-31.106199 29.667497 1.266523 1.795263
-31.846823 29.667497 2.056028 1.799585
-31.846823 29.667497 1.924634 1.799585
-32.464010 29.667497 3.060789 1.803182
-32.464010 29.667497 1.415223 1.803182
-33.328071 29.667497 1.395945 1.808212
-33.328071 29.667497 2.174657 1.808212
-33.821819 29.852688 1.617792 1.822346
-34.562441 30.037878 2.871827 1.837839
-34.562441 30.037878 1.250254 1.837839
-35.179627 30.223069 1.738997 1.852542
-35.179627 30.223069 1.932326 1.852542
-35.796812 30.408259 1.276716 1.867165
-35.796812 30.408259 1.516153 1.867165
-36.413997 30.593449 0.829726 1.881700
-36.413997 30.593449 2.342816 1.881700
-37.154620 30.778640 1.937298 0.174703
-37.154620 30.778640 2.689560 0.174703
-37.895243 30.778640 1.664511 0.129182
-37.895243 30.778640 2.055874 0.129182
-38.635867 30.778640 1.502114 0.083223
-38.635867 30.778640 2.307232 0.083223
-39.253052 30.963830 1.057811 0.045010
-39.253052 30.963830 0.877111 0.045010
-39.623363 31.149020 0.565205 0.022161
-39.623363 31.149020 0.196072 0.022161
-40.117109 31.519401 0.460145 -0.008106
-40.363980 32.074972 0.474895 -0.022650
-40.363980 32.074972 0.285607 -0.022650
-40.610850 32.630543 -0.073786 -0.037175
-40.610850 32.630543 -0.243341 -0.037175
-40.857721 33.186114 -0.328572 -0.051673
-40.857721 33.186114 -0.430942 -0.051673
-40.734278 33.926876 -1.607720 -0.042864
-40.734278 33.926876 -0.518890 -0.042864
-40.610836 34.667637 -0.400907 -0.034044
-40.610836 34.667637 -0.007192 -0.034044
-40.610830 35.408399 0.187571 -0.032905
-40.610830 35.408399 0.286679 -0.032905
-40.610826 35.963970 -0.108536 -0.032051
-40.610826 35.963970 0.057443 -0.032051
-40.734258 36.704732 -0.205219 -0.038597
-40.734258 36.704732 0.197666 -0.038597
-40.857690 37.445493 -0.153745 -0.045138
-40.981121 38.371445 0.454445 -0.051389
-40.981121 38.371445 -0.000195 -0.051389
-41.104552 39.112206 1.003555 -0.057918
-41.104552 39.112206 0.096455 -0.057918
-41.351421 39.852968 -0.009208 -0.072085
-41.351421 39.852968 -0.014062 -0.072085
-41.474851 40.778920 -1.047605 -0.078307
-41.474851 40.778920 -0.183293 -0.078307
-41.721719 41.704872 0.541678 -0.092135
-41.721719 41.704872 0.052153 -0.092135
-41.968587 42.445633 0.037290 -0.106199
-41.968587 42.445633 -2.304739 -0.106199
-42.092018 43.371585 0.358473 -0.112371
-42.092018 43.371585 0.459806 -0.112371
-42.215449 44.112346 -0.096362 -0.118813
-42.215449 44.112346 0.033062 -0.118813
-42.462316 45.038298 -0.231310 -0.132495
-42.585749 45.593869 -0.285442 -0.139176
-42.585749 45.593869 -0.047703 -0.139176
-42.832616 46.519821 -0.018399 -0.152768
-42.832616 46.519821 0.041545 -0.152768
-42.956047 47.260583 0.440297 -0.159126
-42.956047 47.260583 0.165163 -0.159126
-43.202915 48.001344 -0.727083 -0.172895
-43.202915 48.001344 0.423909 -0.172895
-43.326345 48.927296 -0.191939 -0.178930
-43.326345 48.927296 -0.015497 -0.178930
-43.449775 49.853248 2.940256 -0.184950
-43.449775 49.853248 0.008946 -0.184950
-43.696643 50.594009 -0.007524 -0.198573
-43.696643 50.594009 -0.169397 -0.198573
-43.943513 51.149580 0.137450 -0.212382
-44.066944 51.890342 0.222555 -0.218581
-44.066944 51.890342 -0.275124 -0.218581
-44.190376 52.445913 -0.251080 -0.225028
-44.190376 52.445913 0.085888 -0.225028
-44.190370 53.186675 -0.167652 -0.223955
-44.190370 53.186675 -0.092590 -0.223955
-44.313801 53.927436 -0.198205 -0.230117
-44.313801 53.927436 -0.007515 -0.230117
-44.313796 54.668198 -0.047408 -0.229047
-44.313796 54.668198 -0.415953 -0.229047
-44.437227 55.408959 0.018662 -0.235193
-44.437227 55.408959 -0.162741 -0.235193
-44.437221 56.149720 -0.261534 -0.234125
-44.437221 56.149720 0.085626 -0.234125
-44.313778 56.890482 -0.285111 -0.225832
-44.313778 56.890482 -0.168299 -0.225832
-44.190337 57.446053 -0.318821 -0.217773
-44.066895 58.186815 -0.198908 -0.209411
-44.066895 58.186815 -0.074189 -0.209411
-43.820016 58.927576 -0.618080 -0.193678
-43.820016 58.927576 -0.314466 -0.193678
-43.696574 59.668338 -0.071485 -0.185222
-43.696574 59.668338 -0.207467 -0.185222
-43.573131 60.409099 -0.336354 -2.326569
-43.573131 60.409099 -0.284629 -2.326569
-43.326252 61.149861 -0.424298 -2.362667
-43.326252 61.149861 -0.612890 -2.362667
-43.326247 61.890622 -0.855902 -2.386747
-43.326247 61.890622 -1.017368 -2.386747
-42.955934 62.261003 -1.063029 -2.417834
-42.955934 62.261003 -1.002261 -2.417834
-42.215310 62.816574 -1.245395 -2.474645
-42.215310 62.816574 -1.153981 -2.474645
-41.598126 63.001764 -1.424006 -2.513123
-40.980942 63.186955 -1.696170 -2.551771
-40.980942 63.186955 -2.063846 -2.551771
-40.363760 63.001764 -2.075314 -2.577963
-40.363760 63.001764 -2.476061 -2.577963
-39.746580 62.631383 -2.296178 -2.597894
-39.746580 62.631383 -2.767187 -2.597894
-39.376274 62.075812 -3.119290 -2.598593
-39.376274 62.075812 -2.472661 -2.598593
-39.252841 61.520241 -2.615109 -2.586319
-39.252841 61.520241 3.044877 -2.586319
-39.129410 60.779480 -2.954316 -2.567782
-39.129410 60.779480 -2.769101 -2.567782
-39.005978 60.038718 -2.855940 -2.549247
-39.005978 60.038718 -2.723999 -2.549247
-38.882546 59.483147 -2.847456 -2.536976
-38.882546 59.483147 -2.266986 -2.536976
-38.882549 58.927576 -2.582654 -2.518239
-38.759118 58.186815 -2.406996 -2.499772
-38.759118 58.186815 -2.275943 -2.499772
-38.635685 57.631243 -2.107097 -2.487564
-38.635685 57.631243 -2.668539 -2.487564
-38.635689 57.075672 -2.372394 -2.468952
-38.635689 57.075672 -2.722484 -2.468952
-38.512256 56.520101 -2.290123 -2.456813
-38.512256 56.520101 -2.614509 -2.456813
-38.388824 55.779340 -2.644433 -2.438554
-38.388824 55.779340 -2.680790 -2.438554
-38.265391 55.223769 -2.249763 -2.426505
-38.265391 55.223769 -2.403657 -2.426505
-38.141958 54.668198 -2.496697 -2.414498
-38.141958 54.668198 -2.135733 -2.414498
-37.895089 53.927436 -2.035586 -2.402764
-37.895089 53.927436 -2.177179 -2.402764
-37.771656 53.371865 -2.092103 -2.390850
-37.524788 52.631103 -2.226573 -2.379212
-37.524788 52.631103 -2.417665 -2.379212
-37.154482 51.890342 -2.058812 -2.373861
-37.154482 51.890342 -2.389674 -2.373861
-36.660739 51.149580 -2.356941 -2.374759
-36.660739 51.149580 -2.344822 -2.374759
-36.290432 50.594009 -2.368680 -2.375432
-36.290432 50.594009 -2.346118 -2.375432
-35.920127 49.853248 -2.251262 -2.370089
-35.920127 49.853248 -2.330816 -2.370089
-35.549821 49.112486 -2.659305 -2.364758
-35.549821 49.112486 -2.428672 -2.364758
-35.179515 48.371725 -2.240386 -2.359439
-35.179515 48.371725 -2.218893 -2.359439
-34.685772 47.630963 -2.112934 -2.360331
-34.315464 47.075392 -2.198389 -2.361001
-34.315464 47.075392 -2.164446 -2.361001
-33.945158 46.334631 -2.253074 -2.355690
-33.945158 46.334631 -2.322101 -2.355690
-33.574851 45.593869 -2.084386 -2.350391
-33.574851 45.593869 -2.139141 -2.350391
-33.327982 44.853108 -2.142079 -2.338948
-33.327982 44.853108 -2.142484 -2.338948
-32.957675 44.112346 -2.437115 -2.333690
-32.957675 44.112346 -2.352865 -2.333690
-32.710805 43.371585 -2.363788 -2.322337
-32.710805 43.371585 -2.392028 -2.322337
-32.340499 42.630823 -2.212274 -2.317122
-32.340499 42.630823 -2.003467 -2.317122
-31.970192 41.890062 -2.302222 -2.311921
-31.970192 41.890062 -2.213697 -2.311921
-31.599884 41.334491 -2.165807 -2.312575
-31.106140 40.593729 -2.346421 -2.313448
-31.106140 40.593729 -2.120473 -2.313448
-30.612394 40.038158 -2.022993 -2.320185
-30.612394 40.038158 -2.268151 -2.320185
-30.118649 39.482587 -1.992543 -2.326946
-30.118649 39.482587 -2.229327 -2.326946
-29.748342 38.741826 -2.256325 -2.321719
-29.748342 38.741826 -2.264344 -2.321719
-29.378034 38.001064 -2.214293 -2.316506
-29.378034 38.001064 -2.284887 -2.316506
-28.884289 37.260303 -2.254259 -2.317380
-28.884289 37.260303 -2.231825 -2.317380
-28.513982 36.519541 -2.436867 -2.312179
-28.513982 36.519541 -2.416293 -2.312179
-28.020237 35.778780 -2.445260 -2.313051
-28.020237 35.778780 -2.093114 -2.313051
-27.649929 35.038018 -2.199779 -2.307862
-27.649929 35.038018 -2.194568 -2.307862
-27.032746 34.482447 -2.253107 -2.320664
-27.032746 34.482447 -2.293389 -2.320664
-26.785876 33.556495 -2.187681 -2.303554
-26.415567 32.815734 -2.232305 -2.298391
-26.415567 32.815734 -2.422252 -2.298391
-26.168697 31.889782 -2.148658 -2.281490
-26.168697 31.889782 -2.117442 -2.281490
-25.674951 31.334211 -2.073626 -2.288110
-25.674951 31.334211 -2.366754 -2.288110
-25.057768 30.593449 -2.295237 -2.294971
-25.057768 30.593449 -2.140110 -2.294971
-24.687459 29.852688 -2.047580 -2.289832
-24.687459 29.852688 -1.950441 -2.289832
-24.193714 28.926736 -1.981492 -2.284924
-24.193714 28.926736 -2.355217 -2.284924
-23.823405 28.185974 -2.502065 -2.279816
-23.823405 28.185974 -2.290573 -2.279816
-23.329659 27.445213 -2.459867 -2.280673
-22.959350 26.704452 -2.270070 -2.275577
-21.354673 24.296977 2.582957 -2.636430
-21.354673 24.296977 2.930414 -2.636430
-21.354673 24.296977 2.853799 -2.636430
-21.354673 24.296977 -3.075601 -2.636430
-21.354673 24.296977 -2.972393 -2.636430
-21.354673 24.296977 -2.897991 -2.636430
-21.354673 24.296977 -2.457636 -2.636430
-21.354673 24.296977 -2.680959 -2.636430
-20.367188 20.222789 -2.208873 -2.486823
-20.367188 20.222789 -2.625171 -2.486823
-20.243753 19.482027 -2.557121 -2.455898
-20.243753 19.482027 -2.255153 -2.455898
-20.120319 18.556075 -2.264502 -2.415415
-20.120319 18.556075 -2.103231 -2.415415
-19.996885 17.630123 -2.042368 -2.374084
-19.626574 17.074552 -2.009472 -2.358962
-19.626574 17.074552 -2.003349 -2.358962
-19.379701 16.518981 -2.108548 -2.339549
-19.379701 16.518981 -1.737776 -2.339549
-18.885953 15.778220 -1.883806 -2.319109
-18.885953 15.778220 -2.199531 -2.319109
-18.392204 15.222648 -1.881424 -2.307942
-18.392204 15.222648 -1.607047 -2.307942
-17.775018 14.667077 -1.988548 -2.300994
-17.775018 14.667077 -2.013971 -2.300994
-17.157831 14.296697 -2.108893 -2.303447
-17.157831 14.296697 -1.820849 -2.303447
-16.664083 13.555935 -1.876395 -2.282790
-16.664083 13.555935 -1.681255 -2.282790
-16.046896 13.000364 -2.098835 -2.275799
-15.553146 12.629983 -1.777256 -2.273987
-15.553146 12.629983 -1.830684 -2.273987
-14.935960 11.704031 -1.893680 -2.247983
-14.935960 11.704031 -1.613947 -2.247983
-14.442211 11.148460 -1.825940 -2.236637
-14.442211 11.148460 -1.721850 -2.236637
-13.825025 10.222508 -1.454199 -2.210485
-13.825025 10.222508 -1.563807 -2.210485
-13.084400 9.666937 -1.631900 -2.207740
-13.084400 9.666937 -1.975993 -2.207740
-12.220336 9.481747 -1.717396 -2.228424
-12.220336 9.481747 -1.751298 -2.228424
-11.603148 9.111366 -1.701571 -2.230912
-11.603148 9.111366 -2.339280 -2.230912
-11.109398 8.555795 -1.843975 -2.219539
-11.109398 8.555795 -1.611068 -2.219539
-10.245335 8.000224 -1.788627 -2.221116
-10.245335 8.000224 -1.517408 -2.221116
-9.628147 7.629843 -1.501620 -2.223607
-8.764083 7.259463 -1.775329 -2.234723
-8.764083 7.259463 -1.636173 -2.234723
-8.270332 6.889082 -1.950857 -2.232898
-8.270332 6.889082 -1.864333 -2.232898
-7.653144 6.518701 -1.789116 -2.235385
-7.653144 6.518701 -1.990114 -2.235385
-7.159393 5.963130 -2.388521 -2.224019
-7.159393 5.963130 -1.938752 -2.224019
-6.542205 5.222368 -2.243091 -2.207400
-6.542205 5.222368 -1.955112 -2.207400
-5.801579 4.666797 -2.166126 -2.204655
-5.801579 4.666797 -1.809814 -2.204655
-5.184390 3.740845 -1.846019 -2.178435
-5.184390 3.740845 -1.919412 -2.178435
-4.567201 3.370465 -2.187607 -2.180933
-4.567201 3.370465 -2.071388 -2.180933
-4.196888 2.629703 -1.907852 -2.155613
-4.196888 2.629703 -2.205791 -2.155613
