-1.728132 -2.926008 40.000000 -41.961524
-1.728132 -2.926008 10.000000 -20.000000
-1.728132 -2.926008 -20.000000 10.000000
-1.728132 -2.926008 -41.961524 40.000000
-1.728132 -2.926008 -50.000000 61.961524
-1.728132 -2.926008 -41.961524 70.000000
-1.728132 -2.926008 -20.000000 61.961524
-1.728132 -2.926008 10.000000 40.000000
-1.728132 -2.926008 40.000000 10.000000
-1.728132 -2.926008 61.961524 -20.000000
-1.728132 -2.926008 70.000000 -41.961524
-1.728132 -2.926008 61.961524 -50.000000
-1.728132 -2.926008 40.000000 -41.961524
-1.728132 -2.926008 10.000000 -20.000000
-1.728132 -2.926008 -20.000000 10.000000
-1.728132 -2.926008 -41.961524 40.000000
-1.728132 -2.926008 -50.000000 61.961524
-1.728132 -2.926008 -41.961524 70.000000
-1.728132 -2.926008 -20.000000 61.961524
-1.728132 -2.926008 10.000000 40.000000
-1.728132 -2.926008 40.000000 10.000000
-1.728132 -2.926008 61.961524 -20.000000
-1.728132 -2.926008 70.000000 -41.961524
-1.728132 -2.926008 61.961524 -50.000000
-1.728132 -2.926008 40.000000 -41.961524
-1.728132 -2.926008 10.000000 -20.000000
-1.728132 -2.926008 -20.000000 10.000000
-1.728132 -2.926008 -41.961524 40.000000
-1.728132 -2.926008 -50.000000 61.961524
-1.728132 -2.926008 -41.961524 70.000000
-1.728132 -2.926008 -20.000000 61.961524
-1.728132 -2.926008 10.000000 40.000000
-1.728132 -2.926008 40.000000 10.000000
-1.728132 -2.926008 61.961524 -20.000000
-0.493752 -8.296529 70.000000 -41.961524
-0.493752 -8.296529 61.961524 -50.000000
-0.493753 -8.481719 40.000000 -41.961524
-0.493753 -8.481719 10.000000 -20.000000
-0.370314 -8.852100 -20.000000 10.000000
-0.370314 -8.852100 -41.961524 40.000000
-0.123438 -9.037290 -50.000000 61.961524
-0.123438 -9.037290 -41.961524 70.000000
-0.123438 -9.592861 -20.000000 61.961524
-0.123438 -9.963242 10.000000 40.000000
-0.123438 -9.963242 40.000000 10.000000
0.123438 -9.963242 61.961524 -20.000000
0.123438 -9.963242 70.000000 -41.961524
0.370314 -10.148432 61.961524 -50.000000
0.370314 -10.148432 40.000000 -41.961524
0.740629 -10.333623 10.000000 -20.000000
0.740629 -10.333623 -20.000000 10.000000
1.110944 -10.518813 -41.961524 40.000000
1.110944 -10.518813 -50.000000 61.961524
1.357820 -11.074384 -41.961524 70.000000
1.357820 -11.074384 -20.000000 61.961524
1.728135 -11.444765 10.000000 40.000000
1.728135 -11.444765 40.000000 10.000000
1.975011 -11.629955 61.961524 -20.000000
1.975011 -11.629955 70.000000 -41.961524
2.098449 -12.000336 61.961524 -50.000000
2.098449 -12.000336 40.000000 -41.961524
2.345326 -12.000336 10.000000 -20.000000
2.468764 -12.000336 -20.000000 10.000000
2.468764 -12.000336 -41.961524 40.000000
2.715640 -12.000336 -50.000000 61.961524
2.715640 -12.000336 -41.961524 70.000000
2.715640 -12.000336 -20.000000 61.961524
2.715640 -12.000336 10.000000 40.000000
2.715640 -12.000336 40.000000 10.000000
2.715640 -12.000336 61.961524 -20.000000
2.715640 -12.000336 70.000000 -41.961524
2.715640 -12.000336 61.961524 -50.000000
2.715640 -12.000336 40.000000 -41.961524
2.715640 -12.000336 10.000000 -20.000000
2.715640 -12.000336 -20.000000 10.000000
2.715640 -12.000336 -41.961524 40.000000
2.715640 -12.000336 -50.000000 61.961524
2.715640 -12.000336 -41.961524 70.000000
2.715640 -12.000336 -20.000000 61.961524
2.715640 -12.000336 10.000000 40.000000
2.715640 -12.000336 40.000000 10.000000
10.245361 -6.815006 40.000000 -41.961524
10.245361 -6.815006 10.000000 -20.000000
10.245361 -6.815006 -20.000000 10.000000
13.084432 -4.222340 -41.961524 40.000000
8.023464 1.703751 -50.000000 61.961524
7.653150 1.518561 -41.961524 70.000000
7.035961 1.703751 -20.000000 61.961524
6.542209 1.703751 10.000000 40.000000
6.542209 1.703751 40.000000 10.000000
6.418771 2.074132 61.961524 -20.000000
6.418771 2.074132 70.000000 -41.961524
6.295333 2.259323 61.961524 -50.000000
6.295333 2.259323 40.000000 -41.961524
6.295332 2.814894 10.000000 -20.000000
6.295332 2.814894 -20.000000 10.000000
6.542207 3.740845 -41.961524 40.000000
6.542207 3.740845 -50.000000 61.961524
6.665644 4.296417 -41.961524 70.000000
6.665644 4.296417 -20.000000 61.961524
6.665643 5.037178 10.000000 40.000000
6.665643 5.037178 40.000000 10.000000
6.789080 5.592749 61.961524 -20.000000
6.789080 5.963130 70.000000 -41.961524
6.789080 5.963130 61.961524 -50.000000
6.665641 6.703891 40.000000 -41.961524
6.665641 6.703891 10.000000 -20.000000
6.295327 7.259463 -20.000000 10.000000
6.295327 7.259463 -41.961524 40.000000
6.048451 7.444653 -50.000000 61.961524
6.048451 7.444653 -41.961524 70.000000
5.801576 7.444653 -20.000000 61.961524
5.801576 7.444653 10.000000 40.000000
5.554700 7.259463 40.000000 10.000000
5.554700 7.259463 61.961524 -20.000000
5.554701 6.889082 70.000000 -41.961524
5.554701 6.889082 61.961524 -50.000000
5.554701 6.889082 40.000000 -41.961524
5.554701 6.889082 10.000000 -20.000000
6.171890 6.148320 -20.000000 10.000000
9.751590 4.481607 40.000000 -41.961524
9.751590 4.481607 10.000000 -20.000000
9.751590 4.481607 -20.000000 10.000000
11.356275 8.000224 -41.961524 40.000000
9.257834 7.259463 -50.000000 61.961524
9.134396 7.259463 -41.961524 70.000000
9.010958 7.444653 -20.000000 61.961524
9.010958 7.444653 10.000000 40.000000
9.010958 7.444653 40.000000 10.000000
9.010958 7.444653 61.961524 -20.000000
8.517206 7.815034 70.000000 -41.961524
8.517206 7.815034 61.961524 -50.000000
8.146893 8.000224 40.000000 -41.961524
8.146893 8.000224 10.000000 -20.000000
7.900016 8.555795 -20.000000 10.000000
7.900016 8.555795 -41.961524 40.000000
7.776578 8.926176 -50.000000 61.961524
7.776578 8.926176 -41.961524 70.000000
7.529702 9.296557 -20.000000 61.961524
7.529702 9.296557 10.000000 40.000000
7.653140 9.481747 40.000000 10.000000
7.653140 9.481747 61.961524 -20.000000
7.653139 9.666937 70.000000 -41.961524
7.776577 9.666937 61.961524 -50.000000
7.776577 9.666937 40.000000 -41.961524
7.776577 9.666937 10.000000 -20.000000
7.776577 9.666937 -20.000000 10.000000
7.776577 9.666937 -41.961524 40.000000
7.776577 9.666937 -50.000000 61.961524
9.010955 9.481747 -41.961524 70.000000
9.010955 9.481747 -20.000000 61.961524
9.257830 9.666937 10.000000 40.000000
9.257830 9.666937 40.000000 10.000000
9.504705 9.666937 61.961524 -20.000000
9.504705 9.666937 70.000000 -41.961524
9.875018 9.852128 61.961524 -50.000000
9.875018 9.852128 40.000000 -41.961524
10.245331 9.852128 10.000000 -20.000000
10.245331 9.852128 -20.000000 10.000000
11.109396 9.852128 -41.961524 40.000000
11.109396 9.852128 -50.000000 61.961524
11.850022 10.037318 -41.961524 70.000000
12.590648 9.852128 -20.000000 61.961524
12.590648 9.852128 10.000000 40.000000
13.084400 9.666937 40.000000 10.000000
13.084400 9.666937 61.961524 -20.000000
13.454713 9.666937 70.000000 -41.961524
13.454713 9.666937 61.961524 -50.000000
13.578151 9.481747 40.000000 -41.961524
13.578151 9.481747 10.000000 -20.000000
13.825027 9.481747 -20.000000 10.000000
13.825027 9.481747 -41.961524 40.000000
13.825027 9.481747 -50.000000 61.961524
