0.740629 -6.815006 40.000000 -41.961524
0.740629 -6.815006 10.000000 -20.000000
0.740629 -6.815006 -20.000000 10.000000
0.740629 -6.815006 -41.961524 40.000000
0.740629 -6.815006 -50.000000 61.961524
0.740629 -6.815006 -41.961524 70.000000
0.740629 -6.815006 -20.000000 61.961524
0.740629 -6.815006 10.000000 40.000000
0.740629 -6.815006 40.000000 10.000000
0.740629 -6.815006 61.961524 -20.000000
0.740629 -6.815006 70.000000 -41.961524
0.740629 -6.815006 61.961524 -50.000000
0.740629 -6.815006 40.000000 -41.961524
0.740629 -6.815006 10.000000 -20.000000
0.740629 -6.815006 -20.000000 10.000000
0.740629 -6.815006 -41.961524 40.000000
0.740629 -6.815006 -50.000000 61.961524
0.740629 -6.815006 -41.961524 70.000000
0.740629 -6.815006 -20.000000 61.961524
0.740629 -6.815006 10.000000 40.000000
0.740629 -6.815006 40.000000 10.000000
0.740629 -6.815006 61.961524 -20.000000
0.740629 -6.815006 70.000000 -41.961524
0.740629 -6.815006 61.961524 -50.000000
0.740629 -6.815006 40.000000 -41.961524
0.740629 -6.815006 10.000000 -20.000000
0.740629 -6.815006 -20.000000 10.000000
0.740629 -6.815006 -41.961524 40.000000
0.740629 -6.815006 -50.000000 61.961524
0.740629 -6.815006 -41.961524 70.000000
0.740629 -6.815006 -20.000000 61.961524
0.740629 -6.815006 10.000000 40.000000
0.740629 -6.815006 40.000000 10.000000
0.740629 -6.815006 61.961524 -20.000000
0.740629 -6.815006 70.000000 -41.961524
0.740629 -6.815006 61.961524 -50.000000
0.740629 -6.815006 40.000000 -41.961524
0.740629 -6.815006 10.000000 -20.000000
0.740629 -6.815006 -20.000000 10.000000
0.740629 -6.815006 -41.961524 40.000000
0.740629 -6.815006 -50.000000 61.961524
0.740629 -6.815006 -41.961524 70.000000
0.740629 -6.815006 -20.000000 61.961524
0.740629 -6.815006 10.000000 40.000000
0.740629 -6.815006 40.000000 10.000000
0.740629 -6.815006 61.961524 -20.000000
0.740629 -6.815006 70.000000 -41.961524
0.740629 -6.815006 61.961524 -50.000000
0.740629 -6.815006 40.000000 -41.961524
0.740629 -6.815006 10.000000 -20.000000
0.740629 -6.815006 -20.000000 10.000000
0.740629 -6.815006 -41.961524 40.000000
0.740629 -6.815006 -50.000000 61.961524
0.740629 -6.815006 -41.961524 70.000000
0.740629 -6.815006 -20.000000 61.961524
0.740629 -6.815006 10.000000 40.000000
0.740629 -6.815006 40.000000 10.000000
0.740629 -6.815006 61.961524 -20.000000
0.740629 -6.815006 40.000000 -41.961524
0.740629 -6.815006 10.000000 -20.000000
0.740629 -6.815006 -20.000000 10.000000
0.740629 -6.815006 -41.961524 40.000000
0.740629 -6.815006 -50.000000 61.961524
0.740629 -6.815006 -41.961524 70.000000
0.740629 -6.815006 -20.000000 61.961524
0.740629 -6.815006 10.000000 40.000000
0.740629 -6.815006 40.000000 10.000000
0.740629 -6.815006 61.961524 -20.000000
0.740629 -6.815006 70.000000 -41.961524
0.740629 -6.815006 61.961524 -50.000000
0.740629 -6.815006 40.000000 -41.961524
0.740629 -6.815006 10.000000 -20.000000
0.740629 -6.815006 -20.000000 10.000000
0.740629 -6.815006 -41.961524 40.000000
0.740629 -6.815006 -50.000000 61.961524
0.740629 -6.815006 -41.961524 70.000000
0.740629 -6.815006 -20.000000 61.961524
