-7.698593 11.403333 -0.925554 0.448580
-7.698593 11.403333 -0.612132 0.448580
-7.698593 11.403333 -1.027778 0.448580
-7.698593 11.403333 -0.721169 0.448580
-7.698593 11.403333 -0.980976 0.448580
-7.698593 11.403333 -0.709901 0.448580
-7.698593 11.403333 -0.397650 0.448580
-7.698593 11.403333 -0.465167 0.448580
-7.698593 11.403333 -1.397734 0.448580
-5.132401 5.903333 -0.483074 0.148707
-5.132401 5.903333 -0.203008 0.148707
-4.765800 6.086667 0.112385 0.292096
-4.765800 6.086667 -0.197606 0.292096
-4.643600 6.636667 -0.154533 0.445364
-4.643600 6.636667 -0.505894 0.445364
-4.521399 7.186667 -0.265843 0.604773
-4.521399 7.186667 -0.261580 0.604773
-4.276999 7.553333 -0.684126 0.763921
-4.276999 7.553333 -0.181350 0.763921
-4.032599 8.103333 -0.502904 0.948577
-4.032599 8.103333 -0.458304 0.948577
-3.543799 8.653333 -0.813365 1.168291
-3.054999 9.020000 -0.749233 1.316973
-3.054999 9.020000 -0.546780 1.316973
-2.688399 9.570000 -0.446631 1.433154
-2.688399 9.570000 -0.465967 1.433154
-2.199599 10.120000 -0.765582 1.538164
-2.199599 10.120000 -0.116438 1.538164
-1.955199 10.670000 -0.176881 1.597421
-1.955199 10.670000 -0.293063 1.597421
-1.710799 11.220000 -0.316350 1.646992
-1.710799 11.220000 0.268809 1.646992
-1.710798 11.586667 0.941543 1.664328
-1.710798 11.586667 0.470813 1.664328
-1.832998 11.953333 -1.092722 1.672283
-1.832998 11.953333 1.033777 1.672283
-1.955198 12.320000 1.237029 1.679997
-1.955198 12.320000 1.591994 1.679997
-2.199598 12.320000 1.642170 1.663093
-2.443997 12.320000 1.797175 1.645013
-2.443997 12.320000 2.201528 1.645013
-2.688397 12.136667 2.965420 1.615800
-2.688397 12.136667 2.966034 1.615800
-2.688397 12.136667 2.726244 1.615800
-2.688397 12.136667 2.566581 1.615800
-3.421597 11.403333 2.780905 1.492252
-3.421597 11.403333 1.768697 1.492252
-3.910397 11.036667 1.838523 1.391444
-3.910397 11.036667 1.738877 1.391444
-4.399197 10.853333 2.028271 1.286074
-4.399197 10.853333 1.365302 1.286074
-5.010196 10.670000 1.574200 1.128166
-5.010196 10.670000 -1.465271 1.128166
-5.621196 10.853333 1.505380 0.999677
-5.621196 10.853333 0.900251 0.999677
-6.232195 10.670000 1.190419 0.779640
-6.232195 10.670000 1.078475 0.779640
-6.965395 10.670000 1.135449 0.536027
-6.965395 10.670000 0.925591 0.536027
-7.576394 10.853333 1.280557 0.372751
-8.431793 10.853333 0.891809 0.116502
-8.431793 10.853333 0.647144 0.116502
-8.920593 11.036667 0.407183 0.020814
-8.920593 11.036667 0.811814 0.020814
-9.409391 11.770000 0.676005 0.016596
-9.409391 11.770000 0.150333 0.016596
-9.775990 12.320000 0.653017 0.013447
-9.775990 12.320000 0.235361 0.013447
-10.142589 12.870000 0.164173 0.010311
-10.142589 12.870000 -0.013446 0.010311
-10.386987 13.420000 -0.503189 0.037091
-10.386987 13.420000 -0.821980 0.037091
-10.264786 13.970000 -0.464272 0.163930
-10.264786 13.970000 -0.434262 0.163930
-9.775986 14.520000 -0.683132 0.424283
-9.775986 14.520000 -1.055547 0.424283
-9.287186 14.886667 -0.991568 0.666703
-8.798387 15.070000 -0.881104 0.862593
-8.798387 15.070000 -0.737159 0.862593
-8.187387 15.436667 -0.565911 1.100424
-8.187387 15.436667 -0.767908 1.100424
-7.698587 15.803333 -0.543368 1.263211
-7.698587 15.803333 -0.468340 1.263211
-7.454187 16.170000 -0.347012 1.351740
-7.454187 16.170000 0.015247 1.351740
-7.209787 16.536667 -0.146639 1.427091
-7.209787 16.536667 -0.028702 1.427091
-6.965387 17.086667 -0.227455 1.505600
-6.965387 17.086667 -0.002450 1.505600
-6.598787 17.820000 -0.283289 1.593187
-6.598787 17.820000 -0.305974 1.593187
-6.232187 18.553333 -0.017164 1.661307
-6.109987 18.920000 -0.196796 1.685858
-6.109987 18.920000 0.252713 1.685858
-5.987786 19.286667 0.551969 1.708177
-5.987786 19.286667 -0.004350 1.708177
-6.109986 19.470000 -0.003501 1.707920
-6.109986 19.470000 0.899861 1.707920
-6.476585 19.653333 1.115180 1.692617
-6.476585 19.653333 1.382080 1.692617
-6.720984 19.836667 2.801699 1.684441
-6.720984 19.836667 2.478280 1.684441
-7.087583 19.836667 2.641878 1.659117
-7.087583 19.836667 2.942480 1.659117
-7.087583 19.836667 2.849127 1.659117
-7.087583 19.836667 2.504733 1.659117
-7.820783 19.103333 2.369649 1.554544
-7.820783 19.103333 2.446719 1.554544
-8.065183 18.553333 2.768986 1.486475
-8.065183 18.553333 2.754675 1.486475
-8.553982 18.370000 2.593107 1.402482
-8.553982 18.370000 2.250957 1.402482
-8.920582 17.820000 2.270885 1.277916
-9.409382 17.453333 1.780093 1.118928
-9.409382 17.453333 2.401224 1.118928
-9.775982 17.086667 2.098659 0.957965
-9.775982 17.086667 2.446872 0.957965
-10.264782 16.536667 1.719162 0.694383
-10.264782 16.536667 1.774529 0.694383
-10.753581 16.353333 1.747615 0.491060
-10.753581 16.353333 1.945164 0.491060
-11.242381 15.986667 1.736284 0.257808
-11.242381 15.986667 1.459442 0.257808
