1.950324 -21.630235 0.682197 0.454994
1.580009 -21.815426 0.989346 0.453841
5.036274 -15.889334 0.563532 0.502262
5.036274 -15.889334 0.685082 0.502262
6.764403 -12.370717 0.744171 0.537649
6.764403 -12.370717 0.685491 0.537649
6.023774 -12.000336 0.770960 0.542735
6.023774 -12.000336 1.220029 0.542735
5.159708 -11.815146 0.797765 0.545875
5.159708 -11.815146 0.780253 0.545875
4.665956 -11.444765 0.227472 0.550855
4.665956 -11.444765 1.005456 0.550855
4.048766 -11.259575 1.222942 0.553814
4.048766 -11.259575 1.094968 0.553814
3.308138 -11.629955 1.461699 0.550185
3.308138 -11.629955 0.899929 0.550185
2.444072 -11.629955 0.802845 0.551178
2.444072 -11.629955 1.173145 0.551178
1.826882 -11.444765 0.904030 0.554141
1.333130 -11.444765 0.989865 0.554718
1.333130 -11.444765 1.003608 0.554718
0.839378 -11.444765 1.015869 0.555295
0.839378 -11.444765 0.173339 0.555295
0.222188 -11.259575 0.623523 0.558308
0.222188 -11.259575 0.529448 0.558308
-0.271564 -10.518813 0.360335 0.568289
-0.271564 -10.518813 0.680773 0.568289
-0.765315 -9.778052 0.603757 0.578674
-0.765315 -9.778052 -0.169140 0.578674
-1.259067 -9.037290 0.673021 0.589487
-1.259067 -9.037290 0.734396 0.589487
-1.752818 -8.111338 0.302114 0.603469
-1.752818 -8.111338 0.883936 0.603469
-2.246570 -7.370577 0.911347 0.615328
-2.246570 -7.370577 0.052043 0.615328
-2.616883 -6.444625 0.104161 0.630494
-2.616883 -6.444625 0.802478 0.630494
-2.987196 -5.703863 0.812676 0.643332
-2.987196 -5.703863 -0.092885 0.643332
-3.357509 -5.148292 0.500621 0.653483
-3.357509 -5.148292 0.893603 0.653483
-3.851261 -4.592721 0.633299 0.664188
-3.851261 -4.592721 0.964367 0.664188
-4.468449 -4.037150 1.237489 0.675483
-4.962200 -3.851960 0.476746 0.679857
-4.962200 -3.851960 0.759658 0.679857
-5.455951 -3.296389 0.877753 0.691482
-5.455951 -3.296389 1.726975 0.691482
-6.073140 -2.926008 1.180865 0.700012
-6.073140 -2.926008 1.306607 0.700012
-6.566890 -2.370437 1.245238 0.712353
-6.566890 -2.370437 1.093654 0.712353
-7.060641 -2.185246 1.155338 0.717228
-7.060641 -2.185246 0.931115 0.717228
-7.554392 -1.629675 1.177077 0.730191
-7.554392 -1.629675 1.600148 0.730191
-8.048142 -1.074104 0.974934 0.743627
-8.048142 -1.074104 0.381406 0.743627
-8.418454 -0.518533 0.413210 0.757279
-8.418454 -0.518533 -0.175346 0.757279
-8.788767 0.222228 0.046260 0.775967
-9.035641 0.962990 0.576134 0.795253
-9.035641 0.962990 -0.868582 0.795253
-9.282515 1.703751 0.955888 0.815465
-9.282515 1.703751 0.911483 0.815465
-9.529389 2.444513 0.196621 0.836653
-9.529389 2.444513 0.677351 0.836653
-9.899702 2.814894 0.323166 0.848314
-9.899702 2.814894 1.358438 0.848314
-10.393451 3.555655 -0.362063 0.871817
-10.393451 3.555655 0.634063 0.871817
-10.887201 3.926036 0.007092 0.884745
-10.887201 3.926036 1.004501 0.884745
-11.257513 4.296417 0.225858 0.897635
-11.257513 4.296417 1.275811 0.897635
-11.874700 4.851988 1.195071 0.917786
-11.874700 4.851988 1.364741 0.917786
-12.491888 5.037178 1.279436 0.926006
-12.491888 5.037178 1.469533 0.926006
-13.232513 5.222368 1.432143 0.934758
-13.973139 5.222368 1.712447 0.937200
-13.973139 5.222368 1.581072 0.937200
-14.713765 5.222368 1.798630 0.939652
-14.713765 5.222368 1.930913 0.939652
-15.330953 5.037178 1.697018 0.935277
-15.330953 5.037178 1.262908 0.935277
-16.195017 4.851988 1.170170 0.931743
-16.195017 4.851988 1.528314 0.931743
-16.935643 4.851988 2.769018 0.934172
-16.935643 4.851988 1.489790 0.934172
-17.552831 5.037178 1.458698 0.942641
-17.552831 5.037178 1.272060 0.942641
-18.416894 5.037178 1.683778 0.945532
-18.416894 5.037178 1.199363 0.945532
-19.034082 5.037178 0.745204 0.947605
-19.034082 5.037178 1.227018 0.947605
-19.774707 5.222368 1.102275 0.956701
-20.268458 5.222368 0.991761 0.958391
-20.268458 5.222368 -2.014205 0.958391
-21.009084 5.222368 1.665228 0.960936
-21.009084 5.222368 1.750810 0.960936
-21.873147 5.222368 1.626127 0.963919
-21.873147 5.222368 1.765185 0.963919
-21.873147 5.222368 1.579671 0.963919
-22.490336 5.037178 1.784895 0.959356
-23.230961 5.222368 1.817875 0.968638
-23.230961 5.222368 1.293147 0.968638
-23.971587 5.222368 1.093443 0.971228
-23.971587 5.222368 0.953469 0.971228
-24.588774 5.407559 1.355204 0.980258
-24.588774 5.407559 0.755854 0.980258
-25.205961 5.592749 0.174490 0.989423
-25.205961 5.592749 1.285167 0.989423
-25.946585 5.963130 0.596365 1.006333
-25.946585 5.963130 1.334927 1.006333
-26.563772 6.148320 0.911984 1.015887
-26.563772 6.148320 2.079572 1.015887
-27.304397 6.333511 1.309231 1.026052
-27.921584 6.518701 1.508266 1.035896
-27.921584 6.518701 1.503786 1.035896
-28.662210 6.518701 1.219515 1.038772
-28.662210 6.518701 2.413844 1.038772
-29.402834 6.703891 1.359361 1.049288
-29.402834 6.703891 1.371001 1.049288
-30.143458 7.074272 1.202353 1.067790
-30.143458 7.074272 1.138422 1.067790
-30.760644 7.444653 1.149532 1.086257
-30.760644 7.444653 1.628983 1.086257
-31.501267 7.815034 0.883171 1.105707
-31.501267 7.815034 1.482396 1.105707
-32.241891 8.185414 1.339378 1.125643
-32.241891 8.185414 1.539474 1.125643
-32.982515 8.370605 1.338478 1.137433
-32.982515 8.370605 -2.981409 1.137433
-33.476266 8.185414 1.409061 1.131050
-33.476266 8.185414 1.601943 1.131050
-34.216891 8.370605 1.782650 1.142915
-34.216891 8.370605 0.690754 1.142915
-34.957516 8.370605 0.986225 1.146222
-34.957516 8.370605 1.269351 1.146222
-35.821579 8.370605 1.289060 1.150095
-36.562203 8.555795 1.420597 1.162223
-36.562203 8.555795 1.627713 1.162223
-37.426265 8.740986 1.922742 1.175085
-37.426265 8.740986 1.706373 1.175085
-38.166890 8.740986 1.820537 -0.036321
-38.166890 8.740986 1.569937 -0.036321
-38.907516 8.555795 1.328108 -0.082544
-38.907516 8.555795 1.626868 -0.082544
-39.524704 8.555795 1.842423 -0.120491
-39.524704 8.555795 1.831630 -0.120491
-40.265329 8.555795 1.585017 -0.165469
-40.265329 8.555795 1.268417 -0.165469
-40.882519 8.370605 0.756796 -0.202645
-40.882519 8.370605 1.087461 -0.202645
-41.499706 8.370605 0.491805 -0.238925
-42.116894 8.370605 1.099791 -0.274509
-42.116894 8.370605 0.740055 -0.274509
-42.734082 8.370605 0.816785 -0.309329
-42.734082 8.370605 0.390174 -0.309329
-43.104392 8.740986 0.001767 -0.329328
-43.104392 8.740986 0.519764 -0.329328
-43.598139 9.111366 0.468490 -0.355702
-43.598139 9.111366 0.379971 -0.355702
-44.091884 9.852128 0.440762 -0.381049
-44.091884 9.852128 0.546383 -0.381049
-44.462192 10.407699 0.140906 -0.399706
-44.462192 10.407699 -0.256512 -0.399706
-44.832500 10.963270 0.482518 -0.418054
-44.832500 10.963270 -0.051673 -0.418054
-44.955933 11.518841 0.523946 -0.423636
-44.955933 11.518841 -0.495210 -0.423636
-45.079366 12.074412 -0.741208 -0.429189
-45.079366 12.074412 -0.577132 -0.429189
-44.585609 13.000364 -1.122288 -0.402786
-43.968416 13.741126 -1.102483 -0.369417
-43.968416 13.741126 -1.132706 -0.369417
-43.351225 14.296697 -1.257271 -0.335346
-43.351225 14.296697 -1.083662 -0.335346
-42.610599 14.481887 -0.886189 -0.293952
-42.610599 14.481887 -1.071022 -0.293952
-41.869973 14.667077 -1.057984 -0.251396
-41.869973 14.667077 -1.082152 -0.251396
-41.252783 15.037458 -1.262396 -0.214811
-41.252783 15.037458 -1.162578 -0.214811
-40.635596 15.037458 -1.319989 -0.178108
-40.635596 15.037458 -1.621224 -0.178108
-40.018409 15.037458 -1.202534 -0.140843
-40.018409 15.037458 -1.296644 -0.140843
-39.401222 15.037458 -1.105021 -0.103109
-39.401222 15.037458 -0.752694 -0.103109
-38.784035 15.037458 -0.891672 -0.065006
-38.784035 15.037458 -1.384970 -0.065006
-38.290286 14.852268 -0.939121 -0.034613
-38.290286 14.852268 -0.980476 -0.034613
-37.673099 14.852268 -0.918514 0.003883
-37.673099 14.852268 -1.026765 0.003883
-37.055910 15.222648 0.197065 0.043012
-36.562161 15.037458 -0.620461 0.073539
-36.562161 15.037458 -0.796109 0.073539
-36.068410 15.222648 -0.324907 0.104543
-36.068410 15.222648 -0.864484 0.104543
-35.451221 15.593029 -0.878027 0.143288
-35.451221 15.593029 -0.516567 0.143288
-34.834031 16.148600 -0.871358 0.181957
-34.834031 16.148600 -1.238019 0.181957
-34.340280 16.333791 -0.351438 0.212174
-34.340280 16.333791 -0.672015 0.212174
-33.846528 16.704171 -0.169836 0.242321
-33.846528 16.704171 -0.477619 0.242321
-33.352776 17.259743 0.135599 0.272339
-33.352776 17.259743 -0.576655 0.272339
-32.982460 17.815314 -0.499715 0.294760
-32.982460 17.815314 -0.355144 0.294760
-32.612144 18.556075 -0.471296 0.317168
-32.612144 18.556075 -0.297068 0.317168
-32.118391 19.111646 -0.631381 0.345978
-31.748076 19.667217 0.595302 0.367422
-31.748076 19.667217 -0.291687 0.367422
-31.254324 20.222789 0.083960 0.395261
-31.254324 20.222789 -0.427096 0.395261
-30.884008 20.963550 -0.805574 0.416182
-30.884008 20.963550 -0.476372 0.416182
-30.513693 21.519121 -0.827977 0.436508
-30.513693 21.519121 -0.614190 0.436508
-30.266815 22.259883 0.022249 0.450336
-30.266815 22.259883 -0.085755 0.450336
-29.896500 22.815454 0.110879 0.470058
-29.896500 22.815454 -0.205519 0.470058
-29.526187 23.185834 -0.111515 0.489188
-29.526187 23.185834 0.144082 0.489188
-29.279310 23.556215 -0.451879 0.501892
-29.279310 23.556215 -0.262758 0.501892
-29.032436 23.556215 -0.582384 0.513986
-29.032436 23.556215 -0.077701 0.513986
-28.785559 23.926596 -0.273400 0.526366
-28.785559 23.926596 1.491357 0.526366
-28.662122 23.926596 0.926267 0.532275
-28.662122 23.926596 -0.368427 0.532275
-28.415247 24.111786 0.106149 0.544194
-28.415247 24.111786 -0.358906 0.544194
-28.291808 24.482167 0.581235 0.550414
-28.291806 24.852548 0.092147 0.550841
-28.291806 24.852548 0.293062 0.550841
-28.415240 25.408119 0.820067 0.545699
-28.415240 25.408119 0.715580 0.545699
-29.032426 25.408119 1.679401 0.516209
-29.032426 25.408119 2.386543 0.516209
-29.526175 25.408119 1.975603 0.491924
-29.526175 25.408119 2.159180 0.491924
-30.019925 25.222929 1.691327 0.466796
-30.019925 25.222929 2.173616 0.466796
-30.637112 25.037738 1.875536 0.434587
-30.637112 25.037738 1.980459 0.434587
-31.254298 25.037738 1.551727 0.401697
-31.254298 25.037738 1.516920 0.401697
-31.871484 25.037738 1.008796 0.367929
-32.488669 25.222929 0.062563 0.333584
-32.488669 25.222929 -0.133816 0.333584
-33.105853 25.408119 2.101862 0.298470
-33.105853 25.408119 0.984504 0.298470
-33.599600 25.778500 0.932529 0.270190
-33.599600 25.778500 0.732433 0.270190
-34.093348 25.963690 1.001182 0.241231
-34.093348 25.963690 0.970263 0.241231
-34.587093 26.519261 0.378327 0.212449
-34.587093 26.519261 0.577715 0.212449
-35.080839 26.889642 -1.177651 0.183071
-35.080839 26.889642 0.864270 0.183071
-35.698024 27.074832 1.902745 0.145540
-35.698024 27.074832 1.649586 0.145540
-36.191770 27.445213 1.450140 0.115602
-36.191770 27.445213 1.205755 0.115602
-36.932391 27.815594 1.412553 0.070119
-36.932391 27.815594 0.666694 0.070119
-37.426140 27.630403 0.804028 0.039013
-37.426140 27.630403 0.327909 0.039013
-38.166762 27.815594 1.215563 -0.006964
-38.783948 27.815594 1.310267 -0.045422
-38.783948 27.815594 1.721678 -0.045422
-39.401132 28.000784 1.607106 -0.083391
-39.401132 28.000784 1.447432 -0.083391
-40.018318 28.000784 1.224697 -0.121330
-40.018318 28.000784 1.254905 -0.121330
-40.635502 28.185974 1.082919 -0.158574
-40.635502 28.185974 0.896511 -0.158574
-41.005812 28.371165 0.746373 -0.180573
-41.005812 28.371165 0.714510 -0.180573
-41.499559 28.556355 0.658551 -0.209682
-41.499559 28.556355 0.376981 -0.209682
-41.993305 28.926736 0.911463 -0.238125
-41.993305 28.926736 0.153503 -0.238125
-42.487049 29.482307 0.310718 -0.265878
-42.980793 30.037878 1.346713 -0.293178
-42.980793 30.037878 -0.194820 -0.293178
-43.351100 30.593449 0.386871 -0.313147
-43.351100 30.593449 -0.369792 -0.313147
-43.474532 31.334211 0.041570 -0.318984
-43.474532 31.334211 -0.226697 -0.318984
-43.474526 32.074972 -0.086853 -0.317970
-43.474526 32.074972 -0.364695 -0.317970
-43.351085 32.630543 -0.699138 -0.310348
-43.351085 32.630543 -0.386330 -0.310348
-43.227645 33.000924 -0.661582 -0.302940
-43.227645 33.000924 -0.468473 -0.302940
-42.610456 33.556495 -0.902050 -0.267189
-42.610456 33.556495 -0.670958 -0.267189
-42.116705 33.926876 -0.520469 -0.238125
-42.116705 33.926876 -0.219706 -0.238125
-41.499517 34.297257 -1.244244 -0.201288
-41.499517 34.297257 -0.782870 -0.201288
-40.758890 35.038018 -1.092812 -0.155811
-40.758890 35.038018 -0.990153 -0.155811
-40.018269 34.852828 -0.854113 -0.110969
-40.018269 34.852828 -1.128951 -0.110969
-39.277644 35.408399 -0.995186 -0.064439
-38.660458 35.593589 -0.447835 -0.025785
-38.660458 35.593589 -1.086524 -0.025785
-38.166711 35.408399 -0.675504 0.004739
-38.166711 35.408399 -0.448173 0.004739
-37.549525 35.593589 -0.978641 0.043583
-37.549525 35.593589 -1.077524 0.043583
-36.932339 35.778780 -0.215187 0.082369
-36.932339 35.778780 -0.888953 0.082369
-36.191716 35.963970 -0.942891 0.128617
-36.191716 35.963970 -1.047361 0.128617
-35.821406 35.778780 -0.964946 0.151166
-35.821406 35.778780 -0.440533 0.151166
-35.204223 35.593589 0.004790 0.188636
-35.204223 35.593589 -0.611190 0.188636
-34.587034 36.149160 -0.592145 0.226745
-34.587034 36.149160 -0.053267 0.226745
-34.587037 35.778780 -0.990006 0.226196
-33.969846 36.704732 -0.759675 0.264268
-33.969846 36.704732 -0.842370 0.264268
-33.476096 37.075112 -0.738853 0.293698
-33.476096 37.075112 -0.448409 0.293698
-32.982345 37.630683 -0.531217 0.322919
-32.982345 37.630683 -0.695839 0.322919
-32.612034 37.815874 -0.355622 0.344176
-32.612034 37.815874 -0.783130 0.344176
-31.994846 38.371445 -0.975581 0.379279
-31.994846 38.371445 -0.814145 0.379279
-31.624533 38.741826 -0.374746 0.399967
-31.624533 38.741826 -0.227598 0.399967
-31.007345 39.482587 -0.167312 0.433865
-31.007345 39.482587 -0.069796 0.433865
-30.637031 40.038158 -0.230893 0.453883
-30.637031 40.038158 -0.552416 0.453883
-30.266717 40.593729 -0.311256 0.473541
-30.019839 41.519681 -0.410939 0.487130
-30.019839 41.519681 -0.007994 0.487130
-29.649525 42.075252 -0.286940 0.506164
-29.649525 42.075252 -0.138536 0.506164
-29.402648 42.816014 -0.080314 0.519089
-29.402648 42.816014 -0.271603 0.519089
-29.649517 43.741966 0.293563 0.508181
-29.649517 43.741966 0.028591 0.508181
-29.526076 44.482727 -0.392744 0.515097
-29.526076 44.482727 0.590503 0.515097
-29.649508 45.408679 1.083376 0.510194
-29.649508 45.408679 0.309270 0.510194
-30.019816 45.779060 0.772067 0.492378
-30.019816 45.779060 1.195222 0.492378
-30.637000 45.779060 1.532917 0.461180
-30.637000 45.779060 1.896429 0.461180
-31.254185 45.593869 1.586868 0.428805
-31.871370 45.408679 1.696057 0.395508
-31.871370 45.408679 1.449986 0.395508
-32.365118 45.223489 1.904571 0.368181
-32.365118 45.223489 1.171226 0.368181
-32.982299 45.593869 -1.228333 0.334101
-32.982299 45.593869 0.946487 0.334101
-33.599483 45.593869 1.032814 0.298734
-33.599483 45.593869 0.854689 0.298734
-34.216665 45.964250 1.253484 0.263189
-34.216665 45.964250 1.308991 0.263189
-34.833847 46.149440 1.450977 0.226744
-34.833847 46.149440 1.219961 0.226744
-35.451032 45.964250 1.233584 0.189192
-35.451032 45.964250 1.321301 0.189192
-35.944779 45.964250 1.207815 0.159028
-36.561961 46.149440 0.610338 0.121265
-36.561961 46.149440 2.228622 0.121265
-37.179145 46.149440 1.214220 0.082938
-37.179145 46.149440 1.126625 0.082938
-37.796328 46.334631 1.035097 0.044725
-37.796328 46.334631 1.001703 0.044725
-38.536948 46.334631 0.724451 -0.001541
-38.536948 46.334631 0.951716 -0.001541
-39.154130 46.519821 1.027870 -0.039735
-39.154130 46.519821 0.909074 -0.039735
-39.771313 46.705012 0.940438 -0.077741
-39.771313 46.705012 0.976850 -0.077741
-40.388495 46.890202 0.879542 -0.115453
-40.388495 46.890202 0.774697 -0.115453
-41.005676 47.260583 0.681645 -0.152491
-41.005676 47.260583 1.166578 -0.152491
-41.499420 47.630963 1.271014 -0.181667
-41.499420 47.630963 0.758140 -0.181667
-41.869729 47.816154 0.353050 -0.203456
-42.240035 48.371725 0.329610 -0.224491
-42.240035 48.371725 0.274001 -0.224491
-42.486901 49.297677 0.023864 -0.237592
-42.486901 49.297677 0.044476 -0.237592
-42.610334 49.853248 0.017783 -0.243975
-42.610334 49.853248 -0.223723 -0.243975
-42.486893 50.408819 -0.135181 -0.235992
-42.486893 50.408819 -0.616467 -0.235992
-42.116579 50.964390 -0.464880 -0.213461
-42.116579 50.964390 -0.207925 -0.213461
-41.622828 51.519961 -0.705143 -2.338166
-41.622828 51.519961 -0.810888 -2.338166
-41.252514 52.075532 -1.229452 -2.374678
-41.252514 52.075532 -1.123453 -2.374678
-40.758767 52.260723 -0.924706 -2.405859
-40.758767 52.260723 -0.966129 -2.405859
-40.265018 52.631103 -0.847488 -2.443518
-40.265018 52.631103 -1.687997 -2.443518
-39.524397 52.816294 -1.083712 -2.488217
-39.524397 52.816294 -1.556119 -2.488217
-38.907214 52.816294 -1.336058 -2.520525
-38.290032 52.631103 -1.757403 -2.546682
-38.290032 52.631103 -1.820179 -2.546682
-37.796288 52.260723 -1.434924 -2.560125
-37.796288 52.260723 -1.289836 -2.560125
-37.179108 51.890342 -1.865424 -2.580062
-37.179108 51.890342 -1.708460 -2.580062
-36.561927 51.519961 -2.104524 -2.599992
-36.561927 51.519961 -2.233404 -2.599992
-36.068184 50.964390 -2.282905 -2.607174
-36.068184 50.964390 -2.275466 -2.607174
-35.697879 50.223629 -2.763146 -2.601623
-35.697879 50.223629 -2.257189 -2.601623
-35.204137 49.482867 -2.310577 -2.602555
-35.204137 49.482867 -2.594782 -2.602555
-34.833831 48.742106 -2.331116 -2.597003
-34.833831 48.742106 -2.327653 -2.597003
-34.463526 48.001344 -2.375172 -2.591449
-34.463526 48.001344 -2.609224 -2.591449
-34.093220 47.260583 -2.647409 -2.585893
-34.093220 47.260583 -2.508603 -2.585893
-33.846351 46.519821 2.893265 -2.573847
-33.846351 46.519821 -2.782658 -2.573847
-33.722920 45.593869 -2.732033 -2.549055
-33.599487 44.853108 -2.957149 -2.530535
-33.599487 44.853108 -2.594498 -2.530535
-33.599493 43.927156 -3.001237 -2.499349
-33.599493 43.927156 2.639683 -2.499349
-33.599499 42.816014 2.679775 -2.462112
-33.599499 42.816014 2.990322 -2.462112
-33.722941 42.075252 3.107064 -2.431078
-33.722941 42.075252 -3.007555 -2.431078
-33.969818 41.519681 -3.130575 -2.400084
-33.969818 41.519681 3.069641 -2.400084
-34.093259 40.778920 -3.050058 -2.369641
-34.093259 40.778920 -3.115373 -2.369641
-34.340136 40.223349 -3.015216 -2.339350
-34.340136 40.223349 -3.032531 -2.339350
-34.463577 39.482587 -3.072802 -2.309702
-34.463577 39.482587 -2.893953 -2.309702
-34.710456 38.741826 -2.872560 -2.274566
-34.710456 38.741826 -2.554771 -2.274566
-34.710462 37.630683 -2.972127 -2.240585
-34.833904 36.889922 -2.697709 -2.212651
-34.833904 36.889922 -3.061103 -2.212651
-34.833908 36.149160 -2.466109 -2.190875
-34.833908 36.149160 -2.529578 -2.190875
-34.710477 35.223209 -2.562209 -2.169668
-34.710477 35.223209 0.220086 -2.169668
-34.587045 34.482447 -2.749551 -2.154057
-34.587045 34.482447 -2.366312 -2.154057
-34.340174 33.926876 -2.437262 -2.149224
-34.340174 33.926876 -2.461448 -2.149224
-34.340178 33.186114 -2.196897 -2.128576
-34.340178 33.186114 -2.174890 -2.128576
-33.969871 32.630543 -2.439047 -2.129148
-33.969871 32.630543 -2.613283 -2.129148
-33.723001 31.889782 -2.792466 -2.119344
-33.723001 31.889782 -2.582852 -2.119344
-33.476131 31.149020 -2.293851 -2.109633
-33.476131 31.149020 -2.477122 -2.109633
-33.476136 30.408259 -2.474124 -2.089755
-33.476136 30.408259 -2.560302 -2.089755
-33.229267 29.482307 -2.179633 -2.075472
-33.105836 28.371165 -2.459105 -2.051739
-33.105836 28.371165 -2.555161 -2.051739
-32.858965 27.815594 -2.763616 -2.047383
-32.858965 27.815594 -2.327394 -2.047383
-32.365220 27.260023 -2.516107 -2.052796
-32.365220 27.260023 -2.943245 -2.052796
-31.994911 26.704452 -2.186221 -2.053324
-31.994911 26.704452 -1.681392 -2.053324
-31.748041 25.963690 -1.954461 -2.044269
-31.748041 25.963690 -1.913716 -2.044269
-31.377733 25.408119 -1.806894 -2.044792
-31.377733 25.408119 -1.662385 -2.044792
-30.883986 25.037738 -1.607221 -2.054913
-30.883986 25.037738 -1.456741 -2.054913
-30.513674 25.037738 -1.493569 -2.069774
-30.513674 25.037738 -1.751102 -2.069774
-30.019923 25.593309 -1.166855 -2.104846
-30.019923 25.593309 -1.152591 -2.104846
-29.526172 25.963690 -1.302229 -2.136037
-29.032422 26.148880 -1.404765 -2.162872
-29.032422 26.148880 -1.150403 -2.162872
-28.291799 26.148880 -1.305075 -2.196155
-28.291799 26.148880 -1.268218 -2.196155
-27.674615 25.963690 -1.320796 -2.219049
-27.674615 25.963690 -0.923656 -2.219049
-27.057430 25.778500 -1.397867 -2.242333
-27.057430 25.778500 -1.425235 -2.242333
-26.440244 25.593309 -1.334669 -2.265992
-26.440244 25.593309 -1.471939 -2.265992
-25.823059 25.408119 -1.512733 -2.290008
-25.823059 25.408119 -1.400587 -2.290008
-25.082437 25.222929 -1.552046 -2.320444
-25.082437 25.222929 -1.840563 -2.320444
-24.341816 24.667357 -1.951261 -2.339470
-24.341816 24.667357 -1.911748 -2.339470
-23.848070 24.111786 -2.036096 -2.346295
-23.848070 24.111786 -2.040642 -2.346295
-23.230886 23.556215 3.078108 -2.359338
-22.860578 22.630263 -2.507798 -2.348070
-22.860578 22.630263 -2.284792 -2.348070
-22.366831 22.074692 -2.468524 -2.354921
-22.366831 22.074692 -2.130858 -2.354921
-21.996522 21.333931 -1.940864 -2.349624
-21.996522 21.333931 -1.907137 -2.349624
-21.626213 20.593169 -1.916058 -2.344340
-21.626213 20.593169 -1.498976 -2.344340
-21.009029 20.037598 -2.097936 -2.357372
-21.009029 20.037598 -2.215856 -2.357372
-18.540293 17.074552 -1.506550 -2.247755
-18.540293 17.074552 -1.332575 -2.247755
-18.540293 17.074552 -1.203673 -2.247755
-18.540293 17.074552 -1.561915 -2.247755
-18.540293 17.074552 -1.348218 -2.247755
-17.923112 15.222648 -1.550517 -2.204163
-17.923112 15.222648 -1.419124 -2.204163
-17.429363 14.852268 -1.386546 -2.212237
-17.429363 14.852268 -1.207111 -2.212237
-16.688740 14.481887 -1.787522 -2.231580
-16.688740 14.481887 -1.618232 -2.231580
-15.948116 14.296697 -1.742109 -2.258332
-15.948116 14.296697 -1.555392 -2.258332
-15.454367 13.741126 -1.876621 -2.259314
-15.454367 13.741126 -1.905506 -2.259314
-14.713745 12.815174 -1.975753 -2.257155
-14.713745 12.815174 -1.989633 -2.257155
-14.096559 12.259603 -2.050406 -2.263833
-14.096559 12.259603 -2.297350 -2.263833
-13.602812 11.333651 -2.162050 -2.250297
-13.602812 11.333651 -2.151022 -2.250297
-13.232500 10.778080 -1.712349 -2.245605
-12.738752 9.852128 -2.269530 -2.232162
-12.738752 9.852128 -2.238921 -2.232162
-12.245004 9.111366 -2.341897 -2.225953
-12.245004 9.111366 -2.839616 -2.225953
-11.627818 8.370605 -2.845923 -2.225372
-11.627818 8.370605 -2.705307 -2.225372
-11.380945 7.444653 3.082305 -2.200903
-11.380945 7.444653 -2.328271 -2.200903
-11.134071 6.518701 -2.624703 -2.176718
-11.134071 6.518701 -2.408766 -2.176718
-10.887197 5.777940 -2.412956 -2.159764
-10.887197 5.777940 -2.223238 -2.159764
-10.516886 5.037178 -2.297850 -2.148365
-10.516886 5.037178 -2.053816 -2.148365
-10.146574 4.666797 -2.128950 -2.150788
-9.776262 4.111226 -2.558810 -2.146318
-9.776262 4.111226 -2.288275 -2.146318
-9.282512 3.370465 -2.208207 -2.140375
-9.282512 3.370465 -2.335732 -2.140375
-8.788762 3.185274 -2.043470 -2.155084
-8.788762 3.185274 -0.610138 -2.155084
-8.418450 2.629703 -2.037263 -2.150602
-8.418450 2.629703 -2.399168 -2.150602
-7.924700 2.074132 -2.104222 -2.151534
-7.924700 2.074132 -2.119058 -2.151534
-7.430950 1.703751 -2.148793 -2.159390
-7.430950 1.703751 -2.167832 -2.159390
-6.937199 1.148180 -2.009283 -2.160327
-6.937199 1.148180 -1.969929 -2.160327
-6.443449 0.592609 -1.992646 -2.161265
-6.443449 0.592609 -1.926037 -2.161265
-6.073136 0.222228 -1.739651 -2.163706
-5.579386 -0.148152 -1.762106 -2.171616
-5.579386 -0.148152 -1.785883 -2.171616
-5.085635 -0.333343 -1.638311 -2.186585
-5.085635 -0.333343 -2.045347 -2.186585
-4.468447 -0.703723 -2.061152 -2.200137
-4.468447 -0.703723 -2.143693 -2.200137
-1.876255 -3.666769 2.323227 -1.396263
-1.876255 -3.666769 2.530921 -1.396263
-1.876255 -3.666769 2.548036 -1.396263
-1.876255 -3.666769 2.326839 -1.396263
-1.876255 -3.666769 -3.047305 -1.396263
-1.876255 -3.666769 -2.776710 -1.396263
-1.876255 -3.666769 -2.831736 -1.396263
-1.876255 -3.666769 -2.327782 -1.396263
-1.876255 -3.666769 -2.201150 -1.396263
-0.024688 -7.000196 -2.232429 -1.396263
-0.024688 -7.000196 -2.200616 -1.396263
0.222188 -7.926148 -2.112315 -1.396263
0.222188 -7.926148 -2.543080 -1.396263
0.345626 -8.481719 -2.185837 -1.396263
0.345626 -8.481719 -1.721524 -1.396263
0.962816 -9.037290 -1.554820 -1.396263
0.962816 -9.037290 -1.462545 -1.396263
1.333130 -9.407671 -1.583968 -1.396263
1.333130 -9.407671 -1.376732 -1.396263
1.826882 -9.592861 -1.173117 -1.396263
2.444071 -9.778052 -1.206036 -1.396263
2.444071 -9.778052 -1.264884 -1.396263
2.937823 -9.592861 -1.361752 -1.396263
2.937823 -9.592861 -1.354393 -1.396263
3.555013 -9.778052 -1.432770 -1.396263
3.555013 -9.778052 -1.543909 -1.396263
4.048765 -10.148432 2.292772 -1.396263
4.048765 -10.148432 -0.470416 -1.396263
4.295641 -10.333623 -1.488575 -1.396263
4.295641 -10.333623 -1.663083 -1.396263
4.789393 -10.518813 -1.492641 -1.396263
4.789393 -10.518813 -1.636558 -1.396263
4.912832 -11.074384 -1.701882 -1.396263
4.912832 -11.074384 -1.541564 -1.396263
4.912832 -11.629955 -1.584344 -1.396263
4.912832 -11.629955 -1.591256 -1.396263
5.159708 -11.444765 -1.644725 -1.396263
5.159708 -11.444765 -1.669491 -1.396263
5.159708 -11.444765 -1.581129 -1.396263
