8.431798 7.553333 0.386579 2.133249
8.431798 7.553333 0.500013 2.133249
8.431798 7.553333 0.493658 2.133249
7.454195 10.486667 0.747679 2.133822
7.454194 11.036667 0.547180 2.134025
7.454194 11.036667 0.865802 2.134025
6.965394 11.036667 1.813117 2.133741
6.965394 11.036667 1.565620 2.133741
6.598794 11.403333 1.583886 2.133662
5.865595 11.036667 1.816867 2.133024
5.865595 11.036667 2.064220 2.133024
5.254596 10.670000 1.610612 2.132383
5.254596 10.670000 2.754031 2.132383
4.643597 10.303333 3.106804 2.131645
4.643597 10.303333 1.951768 2.131645
3.910398 9.753333 1.951492 2.130519
3.910398 9.753333 1.703078 2.130519
3.421598 9.386667 1.595079 2.129625
3.421598 9.386667 1.470890 2.129625
2.810599 9.020000 1.695773 2.128389
2.810599 9.020000 2.242601 2.128389
2.199599 9.020000 1.845214 2.127334
2.199599 9.020000 2.055591 2.127334
1.466399 8.836667 2.125469 2.125565
1.466399 8.836667 2.079101 2.125565
0.855400 8.836667 1.668432 2.124011
0.855400 8.836667 2.009484 2.124011
0.122200 8.470000 1.819489 2.120847
-0.488800 8.286667 2.798880 2.117633
-0.488800 8.286667 1.948390 2.117633
-1.099800 8.103333 2.758855 2.113279
-1.099800 8.103333 2.324374 2.113279
-1.832999 8.103333 1.815672 2.107006
-1.832999 8.103333 1.507319 2.107006
-2.566199 7.920000 1.160464 2.095164
-2.566199 7.920000 1.290706 2.095164
-3.177199 7.920000 2.863633 2.080191
-3.177199 7.920000 1.361538 2.080191
-3.910399 7.736667 2.941927 2.030907
-3.910399 7.736667 2.109799 2.030907
-4.643599 7.553333 1.711499 1.632669
-4.643599 7.553333 1.232763 1.632669
-5.376799 7.553333 1.246435 -0.774811
-5.376799 7.553333 1.301606 -0.774811
-6.109999 7.370000 1.291664 -0.912930
-6.720999 7.370000 0.853096 -0.939501
-6.720999 7.370000 0.611195 -0.939501
-7.454199 7.553333 0.523148 -0.953665
-7.454199 7.553333 0.286522 -0.953665
-7.576398 8.286667 -0.371059 -0.946574
-7.576398 8.286667 -0.093208 -0.946574
-7.942997 8.836667 -0.365711 -0.946876
-7.942997 8.836667 -0.222800 -0.946876
-7.942996 9.386667 -0.736813 -0.937165
-7.942996 9.386667 -0.773954 -0.937165
-7.454195 10.120000 -0.919077 -0.874589
-7.454195 10.120000 -1.532326 -0.874589
-6.965395 10.486667 -1.371202 -0.509699
-6.965395 10.486667 -1.460402 -0.509699
-6.476595 10.486667 -1.382515 1.721541
-5.865596 10.670000 -1.293320 2.023232
-5.865596 10.670000 -1.315852 2.023232
-5.254596 10.670000 -1.526875 2.068287
-5.254596 10.670000 -1.493704 2.068287
-4.643597 10.670000 -1.595457 2.088613
-4.643597 10.670000 -1.894470 2.088613
-4.032597 10.670000 -1.977469 2.100176
-4.032597 10.670000 -2.381286 2.100176
-3.543798 10.120000 -2.579844 2.102091
-3.543798 10.120000 -3.030962 2.102091
-3.299398 9.753333 2.763895 2.102208
-3.299398 9.753333 2.027128 2.102208
-3.177198 9.386667 1.750462 2.100621
-3.177198 9.386667 2.371720 2.100621
-3.299399 9.020000 2.052808 2.094677
-3.299399 9.020000 1.892972 2.094677
-3.665999 8.653333 2.647979 2.079627
-3.665999 8.653333 1.581306 2.079627
-4.276999 8.470000 1.512978 2.040823
-4.276999 8.470000 1.171433 2.040823
-4.887998 8.470000 1.317487 1.932184
-5.376798 8.470000 0.655652 1.096913
-5.376798 8.470000 0.887855 1.096913
-5.987798 8.653333 2.757793 -0.726139
-5.987798 8.653333 0.734473 -0.726139
-6.476597 9.020000 0.543741 -0.825623
-6.476597 9.020000 0.024370 -0.825623
-6.843196 9.386667 0.394389 -0.853326
-6.843196 9.386667 0.058672 -0.853326
