64.521708 -2.896667 -1.784593 0.092579
40.570581 -18.663333 -1.785451 2.138035
43.258965 -14.996667 -1.694460 2.138659
43.258965 -14.996667 -1.631500 2.138659
46.191760 -12.980000 -1.649842 2.139054
46.191760 -12.980000 -1.749081 2.139054
46.191760 -12.980000 -1.774588 2.139054
46.191760 -12.980000 -1.655192 2.139054
46.191760 -12.980000 -1.662702 2.139054
46.191760 -12.980000 -1.658836 2.139054
46.191760 -12.980000 -1.716961 2.139054
46.191760 -12.980000 -1.672139 2.139054
46.191760 -12.980000 -1.957152 2.139054
46.191760 -12.980000 -1.623354 2.139054
46.191760 -12.980000 -1.625348 2.139054
46.191760 -12.980000 -1.641984 2.139054
46.191760 -12.980000 -1.570335 2.139054
46.191760 -12.980000 -1.628884 2.139054
46.191760 -12.980000 -1.569556 2.139054
46.191760 -12.980000 -1.662051 2.139054
