-13.564178 15.436667 -1.018078 0.449560
-13.564178 15.436667 -1.077969 0.449560
-13.564178 15.436667 -1.157334 0.449560
-13.564178 15.436667 -1.086171 0.449560
-13.564178 15.436667 -1.187149 0.449560
-13.564178 15.436667 -0.931625 0.449560
-13.564178 15.436667 -0.579420 0.449560
-13.564178 15.436667 -0.524924 0.449560
-13.564178 15.436667 -0.506124 0.449560
-13.564178 15.436667 -0.212268 0.449560
-13.564178 15.436667 -0.264660 0.449560
-13.564178 15.436667 -0.304200 0.449560
-10.875787 13.236667 -0.196715 0.491983
-10.875787 13.236667 -0.491659 0.491983
-10.509186 13.786667 -0.274098 0.516104
-10.509186 13.786667 -0.186486 0.516104
-10.264786 14.336667 -0.309741 0.536183
-10.264786 14.336667 -0.739011 0.536183
-10.020385 14.703333 -0.529459 0.552326
-10.020385 14.703333 -0.659706 0.552326
-9.653785 15.253333 -0.227530 0.576556
-9.653785 15.253333 -0.235353 0.576556
-9.164985 15.620000 -0.335342 0.600925
-9.164985 15.620000 -0.643455 0.600925
-8.798385 16.170000 -0.522486 0.625115
-8.309585 16.536667 -0.035175 0.649386
-8.309585 16.536667 -0.517949 0.649386
-7.942985 17.086667 -0.674085 0.673421
-7.942985 17.086667 -1.054444 0.673421
-7.454186 17.453333 -0.915866 0.697482
-7.454186 17.453333 -0.531620 0.697482
-6.965386 18.003333 -0.636181 0.725272
-6.965386 18.003333 -0.239065 0.725272
-6.598786 18.370000 -0.847443 0.745000
-6.598786 18.370000 -0.654245 0.745000
-6.109987 18.920000 -0.300879 0.772359
-6.109987 18.920000 -0.747950 0.772359
-5.621187 19.103333 -0.792989 0.791877
-5.621187 19.103333 -0.745098 0.791877
-5.132388 19.470000 -0.695599 0.814965
-5.132388 19.470000 -0.652282 0.814965
-4.765789 19.653333 -0.571797 0.830258
-4.521389 20.020000 -0.304465 0.845293
-4.521389 20.020000 -0.361903 0.845293
-4.276989 20.386667 -0.095618 0.860202
-4.276989 20.386667 -0.315930 0.860202
-3.910390 20.936667 -0.407790 0.882319
-3.910390 20.936667 0.026308 0.882319
-3.910390 21.120000 0.301897 0.885910
-3.910390 21.120000 0.042148 0.885910
-3.665990 21.853333 0.281862 0.907535
-3.665990 21.853333 0.559298 0.907535
-3.788189 22.403333 0.056726 0.914457
-3.788189 22.403333 0.845788 0.914457
-3.910389 22.770000 0.125883 0.917841
-3.910389 22.770000 1.363019 0.917841
-4.399187 23.136667 1.536846 0.910288
-4.765786 23.136667 1.304835 0.899275
-4.765786 23.136667 2.060686 0.899275
-5.254584 23.136667 1.399955 0.884461
-5.254584 23.136667 1.148540 0.884461
-5.743383 23.320000 1.263700 0.873124
-5.743383 23.320000 1.403790 0.873124
-6.354381 23.320000 1.233675 0.854274
-6.354381 23.320000 1.262560 0.854274
-7.087579 23.320000 1.180338 0.831379
-7.087579 23.320000 2.813772 0.831379
-7.942976 23.320000 1.063631 0.804314
-7.942976 23.320000 1.182541 0.804314
-8.431775 23.503333 0.482725 0.792466
-8.431775 23.503333 0.684068 0.792466
-8.920572 24.053333 0.504549 0.788132
-8.920572 24.053333 0.316683 0.788132
-9.409370 24.603333 0.494775 0.783790
-9.898167 25.153333 0.536072 0.779440
-9.898167 25.153333 0.258466 0.779440
-10.264765 25.703333 0.504289 0.779022
-10.264765 25.703333 0.000487 0.779022
-10.509163 26.253333 0.586751 0.782538
-10.509163 26.253333 0.411455 0.782538
-10.753561 26.803333 0.084969 0.786049
-10.753561 26.803333 0.175031 0.786049
-10.997959 27.353333 0.449395 0.789554
-10.997959 27.353333 -0.626817 0.789554
-11.242357 27.903333 0.315774 0.793054
-11.242357 27.903333 -0.163379 0.793054
-11.608955 28.453333 -0.133643 0.792638
-11.608955 28.453333 -0.042143 0.792638
-11.731153 29.186667 -0.149043 0.803796
-11.731153 29.186667 -0.201882 0.803796
-11.853351 29.736667 -0.039357 0.811157
-11.853351 29.736667 -0.019546 0.811157
-12.097749 30.470000 -0.064312 0.818354
-12.219947 31.020000 0.318926 0.825661
-12.219947 31.020000 -0.286534 0.825661
-12.342145 31.570000 -0.329129 0.832941
-12.342145 31.570000 -0.064908 0.832941
-12.342144 32.120000 -0.070004 0.844010
-12.342144 32.120000 0.208361 0.844010
-12.586542 32.670000 0.156231 0.847415
-12.586542 32.670000 -0.257335 0.847415
-12.708740 33.220000 0.728920 0.854609
-12.708740 33.220000 0.592200 0.854609
-12.830938 33.770000 0.368524 0.861772
-12.830938 33.770000 0.534472 0.861772
-13.197535 34.136667 0.853837 0.857725
-13.197535 34.136667 0.110973 0.857725
-13.441933 34.686667 0.737393 0.861104
-13.930729 35.053333 0.828398 0.853266
-13.930729 35.053333 0.401212 0.853266
-14.419526 35.420000 0.242880 0.845393
-14.419526 35.420000 1.333830 0.845393
-14.908323 35.786667 0.926270 0.837485
-14.908323 35.786667 1.362647 0.837485
-15.519319 35.970000 1.191650 0.821977
-15.519319 35.970000 1.453066 0.821977
-16.130315 36.336667 0.832810 0.810092
-16.130315 36.336667 1.448069 0.810092
-16.741311 36.520000 2.993667 0.794369
-16.741311 36.520000 0.783610 0.794369
-17.230107 36.886667 1.087081 0.786257
-17.230107 36.886667 0.567384 0.786257
-17.718904 37.070000 0.525975 0.774314
-17.718904 37.070000 0.809584 0.774314
-18.085500 37.620000 1.058467 0.773895
-18.085500 37.620000 0.785951 0.773895
-18.574296 37.986667 1.420287 0.765711
-18.574296 37.986667 0.752901 0.765711
-18.940894 38.170000 0.725443 0.757642
-19.551888 38.720000 0.656210 0.749267
-19.551888 38.720000 1.051516 0.749267
-20.285083 39.086667 0.749449 0.733008
-20.285083 39.086667 0.587709 0.733008
-21.018278 39.270000 0.676870 0.712777
-21.018278 39.270000 0.980957 0.712777
-21.507073 39.820000 0.946142 0.708316
-21.507073 39.820000 0.737319 0.708316
-21.995867 40.553333 0.776339 0.707745
-21.995867 40.553333 0.509710 0.707745
-22.729061 40.920000 0.661174 0.691281
-22.729061 40.920000 0.940439 0.691281
-23.217856 41.470000 1.085409 0.686796
-23.217856 41.470000 1.024402 0.686796
-23.828850 42.020000 -1.680060 0.678243
-24.562044 42.386667 0.498108 0.661668
-24.562044 42.386667 0.973911 0.661668
-25.295236 42.936667 0.862714 0.648987
-25.295236 42.936667 0.990943 0.648987
-26.028430 43.303333 1.133816 0.632331
-26.028430 43.303333 0.427746 0.632331
-26.639424 43.670000 0.641582 0.619743
-26.639424 43.670000 0.080193 0.619743
-27.250418 44.220000 0.041147 0.611100
-27.250418 44.220000 0.529926 0.611100
-27.739212 44.770000 0.358306 0.606559
-27.739212 44.770000 0.474078 0.606559
-28.105806 45.320000 0.562770 0.606123
-28.105806 45.320000 0.529676 0.606123
-28.594600 45.870000 0.689165 0.601579
-29.083393 46.603333 0.249782 0.600998
-29.083393 46.603333 0.367069 0.600998
-29.572187 47.153333 0.306454 0.596453
-29.572187 47.153333 0.458034 0.596453
-30.060980 47.703333 0.684343 0.591908
-30.060980 47.703333 0.366523 0.591908
-30.549775 48.070000 0.545438 0.583396
-30.549775 48.070000 -0.130743 0.583396
-31.038567 48.803333 0.426569 0.582814
-31.038567 48.803333 0.468658 0.582814
-31.527360 49.353333 0.411478 0.578266
-31.527360 49.353333 0.595002 0.578266
-32.016154 49.720000 0.802799 0.569752
-32.016154 49.720000 0.459251 0.569752
-32.504947 50.270000 0.577703 0.565204
-32.504947 50.270000 1.032313 0.565204
-33.115941 50.636667 0.499402 0.552581
-33.115941 50.636667 1.014536 0.552581
-33.726933 51.186667 0.695775 0.543926
-34.337925 51.553333 0.872263 0.531315
-34.337925 51.553333 0.935451 0.531315
-34.826719 51.920000 0.998491 0.522818
-34.826719 51.920000 0.815051 0.522818
-35.437712 52.286667 1.259065 0.510231
-35.437712 52.286667 0.890613 0.510231
-36.048706 52.470000 0.336715 0.493720
-36.048706 52.470000 0.798508 0.493720
-36.659699 52.836667 0.699268 0.481183
-36.659699 52.836667 0.644656 0.481183
-37.270690 53.386667 0.584418 0.472601
-37.270690 53.386667 0.688322 0.472601
-37.881682 53.753333 0.588019 0.460114
-37.881682 53.753333 0.916678 0.460114
-38.614874 54.120000 0.795147 0.443616
-38.614874 54.120000 0.842869 0.443616
-39.225866 54.486667 1.117827 0.431216
-39.225866 54.486667 0.444456 0.431216
-39.836858 54.853333 0.532758 0.418859
-40.325650 55.403333 0.728461 0.414419
-40.325650 55.403333 0.579714 0.414419
-40.814442 55.953333 0.396647 0.409985
-40.814442 55.953333 0.502167 0.409985
-41.303233 56.503333 0.313146 0.405558
-41.303233 56.503333 0.151192 0.405558
-41.792026 56.870000 0.349660 0.397288
-41.792026 56.870000 0.610582 0.397288
-42.158619 57.420000 0.449331 0.396865
-42.158619 57.420000 0.502364 0.396865
-42.525212 57.970000 0.654447 0.396441
-42.525212 57.970000 0.420632 0.396441
-43.991580 60.353333 -0.975857 0.398327
-43.991580 60.353333 -1.195838 0.398327
-43.991580 60.353333 -1.054737 -2.955313
-43.991580 60.353333 -0.814556 -2.955313
-43.991580 60.353333 -0.807060 -2.955313
-43.991580 60.353333 -1.108855 -2.955313
-43.991580 60.353333 -0.719822 -2.955313
-43.991580 60.353333 -1.517430 -2.955313
-43.991580 60.353333 -1.497235 -2.955313
-43.991580 60.353333 -1.627632 -2.955313
-43.991580 60.353333 -1.799891 -2.955313
-39.836815 60.903333 -2.035594 -3.120574
-39.836815 60.903333 -2.162880 -3.120574
-39.348023 60.536667 -2.323055 -3.139754
-39.348023 60.536667 -2.941537 -3.139754
-38.981430 59.986667 -2.849983 3.129328
-38.859236 59.253333 3.109656 3.125172
-38.859236 59.253333 2.657276 3.125172
-38.614841 58.886667 2.881905 3.115781
-38.614841 58.886667 2.839282 3.115781
-38.737044 58.336667 2.225506 3.121198
-38.737044 58.336667 2.191929 3.121198
-38.859246 57.786667 2.377322 3.126617
-38.859246 57.786667 2.578319 3.126617
-39.225847 57.236667 3.075978 -3.141382
-39.225847 57.236667 2.488623 -3.141382
-39.714646 56.686667 1.948669 -3.121298
-39.714646 56.686667 2.203648 -3.121298
-40.203445 56.320000 2.061960 -3.101391
-40.203445 56.320000 2.502286 -3.101391
-40.814442 55.953333 2.365346 -3.076617
-40.814442 55.953333 2.313787 -3.076617
-41.181041 55.586667 2.477048 -3.061631
-41.181041 55.586667 2.901690 -3.061631
-41.792040 55.036667 3.010224 -3.036771
-42.280837 54.853333 2.171792 -3.017204
-42.280837 54.853333 2.595807 -3.017204
-42.769637 54.303333 2.658024 -2.997356
-42.769637 54.303333 -3.077645 -2.997356
-43.258437 53.753333 -2.992515 -2.977603
-43.258437 53.753333 2.515011 -2.977603
-43.747237 53.203333 2.625601 -2.957958
-43.747237 53.203333 2.334338 -2.957958
-44.236038 52.653333 2.442292 -2.938436
-44.236038 52.653333 2.703142 -2.938436
-44.847036 52.286667 2.755894 -2.914532
-44.847036 52.286667 2.607763 -2.914532
-45.213636 51.920000 2.549819 -2.900161
-45.213636 51.920000 2.481002 -2.900161
-45.824635 51.370000 2.531328 -2.876469
-45.824635 51.370000 2.284293 -2.876469
-46.191237 50.820000 2.758321 -2.862180
-46.191237 50.820000 3.088703 -2.862180
-46.557838 50.270000 -2.784099 -2.847997
-46.557838 50.270000 2.764682 -2.847997
-46.924440 49.720000 2.886445 -2.833923
-47.413241 49.170000 2.810747 -2.815502
-47.413241 49.170000 3.029840 -2.815502
-47.779844 48.436667 2.620097 -2.801536
-47.779844 48.436667 2.956840 -2.801536
-48.146446 47.886667 -2.880780 -2.787859
-48.146446 47.886667 2.863645 -2.787859
-48.635248 47.336667 3.107595 -2.769979
-48.635248 47.336667 2.221524 -2.769979
-49.001850 46.786667 -2.801549 -2.756600
-49.001850 46.786667 2.992085 -2.756600
-49.368452 46.236667 2.413866 -2.743355
-49.368452 46.236667 2.305069 -2.743355
-49.857253 45.686667 2.345402 -2.726061
-49.857253 45.686667 2.701308 -2.726061
-50.468254 45.136667 2.242305 -2.704900
-50.957054 44.770000 2.736755 -2.688308
-50.957054 44.770000 -3.104496 -2.688308
-51.323655 44.403333 2.861432 -2.675952
-51.323655 44.403333 2.157031 -2.675952
-51.690257 43.853333 -2.978830 -2.663592
-51.690257 43.853333 2.162809 -2.663592
-52.179059 43.303333 1.798752 -2.647485
-52.179059 43.303333 2.352615 -2.647485
-52.667861 42.753333 2.417569 -2.631637
-52.667861 42.753333 2.724833 -2.631637
-53.034462 42.386667 -3.051517 -2.619957
-53.034462 42.386667 2.750011 -2.619957
-53.401065 41.836667 2.830534 -2.608285
-53.401065 41.836667 3.054603 -2.608285
-53.645469 41.286667 -2.965092 -2.600450
-53.767673 40.736667 2.758460 -2.596354
-53.767673 40.736667 2.798761 -2.596354
-54.012077 40.186667 3.117144 -2.588624
-54.012077 40.186667 -2.766884 -2.588624
-54.256481 39.636667 2.947461 -2.580964
-54.256481 39.636667 3.129447 -2.580964
-54.500887 38.903333 3.083896 -2.573240
-54.500887 38.903333 3.033688 -2.573240
-54.745291 38.353333 2.680747 -2.565719
-54.745291 38.353333 2.747683 -2.565719
-54.989696 37.620000 2.771971 -2.558137
-54.989696 37.620000 2.304243 -2.558137
-55.356300 37.070000 2.584688 -2.547282
-55.356300 37.070000 2.501745 -2.547282
-55.722905 36.336667 2.281581 -2.536449
-55.722905 36.336667 2.209199 -2.536449
-56.089507 35.970000 3.136316 -2.526018
-56.333911 35.420000 2.709392 -2.518937
-56.333911 35.420000 2.611701 -2.518937
-56.700514 34.870000 -2.643062 -2.508626
-56.700514 34.870000 -2.938716 -2.508626
-57.067118 34.320000 2.605656 -2.498462
-57.067118 34.320000 3.018578 -2.498462
-57.311524 33.586667 3.057609 -2.491528
-57.311524 33.586667 2.810641 -2.491528
-57.555929 33.036667 2.944617 -2.484780
-57.555929 33.036667 3.010580 -2.484780
-57.922531 32.670000 2.766715 -2.475073
-57.922531 32.670000 2.918220 -2.475073
-58.166936 32.120000 -2.793022 -2.468487
-58.166936 32.120000 -3.138436 -2.468487
-58.411342 31.386667 3.068530 -2.461852
-58.533549 30.653333 -3.029976 -2.458334
-58.533549 30.653333 2.834291 -2.458334
-58.655756 29.920000 -2.824368 -2.454834
-58.655756 29.920000 -3.096263 -2.454834
-58.777963 29.186667 2.926207 -2.451353
-58.777963 29.186667 2.989110 -2.451353
-58.900170 28.453333 -3.108065 -2.447892
-58.900170 28.453333 -3.083407 -2.447892
-59.144577 27.720000 3.106770 -2.441465
-59.144577 27.720000 2.372296 -2.441465
-59.266784 26.986667 2.879582 -2.438058
-59.266784 26.986667 -2.843153 -2.438058
-59.511189 26.436667 2.985296 -2.431840
-59.511189 26.436667 2.845743 -2.431840
-59.633395 25.886667 -2.993941 -2.428593
-59.633395 25.886667 -2.818211 -2.428593
-59.755600 25.336667 -3.061169 -1.507492
-59.755600 25.336667 -2.937153 -1.507492
-59.877808 24.603333 3.061972 -1.478766
-60.000011 24.236667 -2.676353 -1.464631
-60.000011 24.236667 -3.018904 -1.464631
-60.244416 23.686667 -2.915368 -1.443669
-60.244416 23.686667 -2.915637 -1.443669
-60.244424 22.953333 -2.780584 -1.414534
-60.244424 22.953333 -2.835678 -1.414534
-60.366630 22.403333 -2.694325 -1.393209
-60.366630 22.403333 -2.735191 -1.393209
-60.244436 21.853333 -2.549159 -1.371040
-60.244436 21.853333 -2.518940 -1.371040
-60.244444 21.120000 -2.444638 -1.342253
-60.244444 21.120000 -2.648201 -1.342253
-60.244450 20.570000 -2.668472 -1.320805
-60.244450 20.570000 -2.396733 -1.320805
-60.122258 19.836667 -2.449067 -1.291984
-60.000066 19.103333 -2.275752 -1.263469
-60.000066 19.103333 -2.258003 -1.263469
-59.755672 18.553333 -2.416490 -1.241758
-59.755672 18.553333 -2.377596 -1.241758
-59.633478 18.003333 -2.903396 -1.220703
-59.633478 18.003333 -2.889559 -1.220703
-59.511286 17.270000 -2.734127 -1.193132
-59.511286 17.270000 -2.590168 -1.193132
-59.389092 16.720000 -2.686797 -1.172631
-59.389092 16.720000 -2.368260 -1.172631
-59.266900 15.986667 -3.065700 -1.145841
-59.266900 15.986667 -2.494073 -1.145841
-59.144706 15.436667 -2.226584 -1.125961
-59.144706 15.436667 -2.333912 -1.125961
-59.022514 14.703333 -2.447732 -1.100031
-58.778120 14.153333 -2.633528 -1.080430
-58.778120 14.153333 -2.068555 -1.080430
-58.533726 13.603333 -2.193180 -1.061144
-58.533726 13.603333 -2.143970 -1.061144
-58.289334 12.870000 -1.963227 -1.036184
-58.289334 12.870000 -2.290088 -1.036184
-58.044940 12.320000 -1.813666 -1.017653
-58.044940 12.320000 -1.966149 -1.017653
-57.678346 11.770000 -1.748322 -0.999087
-57.678346 11.770000 -1.756899 -0.999087
-57.311752 11.220000 -1.734477 -0.980870
-57.311752 11.220000 -1.534871 -0.980870
-56.822956 10.853333 -1.586984 -0.968211
-56.822956 10.853333 -1.271901 -0.968211
-56.456362 10.303333 -1.615325 -0.950595
-55.845366 9.936667 -1.444692 -0.938018
-55.845366 9.936667 -0.514516 -0.938018
-55.234366 9.936667 -1.132783 -0.936307
-55.234366 9.936667 -1.045249 -0.936307
-54.623365 10.120000 -0.870837 -0.939980
-54.623365 10.120000 -1.124471 -0.939980
-54.012362 10.486667 -1.037351 -0.949109
-54.012362 10.486667 -0.836449 -0.949109
-53.401360 10.670000 -2.415763 -0.952838
-53.401360 10.670000 -1.050407 -0.952838
-52.790359 10.853333 -0.989691 -0.956583
-52.790359 10.853333 -0.950915 -0.956583
-52.057160 10.853333 -0.919451 -0.954485
-52.057160 10.853333 -0.956927 -0.954485
-51.568358 11.036667 -0.834100 -0.958588
-51.568358 11.036667 -0.652584 -0.958588
-50.835157 11.220000 -0.993612 -0.962006
-50.224156 11.403333 -0.811740 -0.965791
-50.224156 11.403333 -1.140184 -0.965791
-49.490955 11.586667 -1.010327 -0.969236
-49.490955 11.586667 -1.195089 -0.969236
-48.757756 11.586667 -0.986844 -0.967108
-48.757756 11.586667 -1.204327 -0.967108
-48.146760 11.220000 -1.270249 -0.954291
-48.146760 11.220000 -1.401572 -0.954291
-47.535762 11.036667 -1.270046 -0.947086
-47.535762 11.036667 -1.245350 -0.947086
-46.924764 10.853333 -1.104937 -0.939942
-46.924764 10.853333 -0.908854 -0.939942
-46.069363 11.036667 -0.910604 -0.942942
-46.069363 11.036667 -0.960115 -0.942942
-45.580562 11.220000 -1.105372 -0.946990
-45.580562 11.220000 -0.770029 -0.946990
-44.847362 11.220000 -1.138129 -0.944916
-44.847362 11.220000 -1.359093 -0.944916
-43.991962 11.403333 -0.940342 -0.947933
-43.258762 11.403333 -1.102281 -0.945856
-43.258762 11.403333 -1.178761 -0.945856
-42.647763 11.403333 -0.945473 -0.944129
-42.647763 11.403333 -0.897405 -0.944129
-42.036762 11.586667 -1.146010 -0.947837
-42.036762 11.586667 -1.240698 -0.947837
-41.303563 11.586667 -1.070647 -0.945760
-41.303563 11.586667 -1.187905 -0.945760
-40.692565 11.403333 -1.328346 -0.938627
-40.692565 11.403333 -1.425909 -0.938627
-39.959365 11.403333 -1.149228 -0.936572
-39.959365 11.403333 -1.059027 -0.936572
-39.226166 11.403333 -1.253004 -0.934523
-39.226166 11.403333 -1.154386 -0.934523
-38.615166 11.403333 -1.368737 -0.932819
-37.881968 11.220000 -1.317037 -0.925458
-37.881968 11.220000 -1.234928 -0.925458
-37.148769 11.220000 -1.379446 -0.923436
-37.148769 11.220000 -1.071268 -0.923436
-36.537769 11.220000 -1.192144 -0.921755
-36.537769 11.220000 -1.237067 -0.921755
-35.804570 11.220000 -1.058279 -0.919742
-35.804570 11.220000 -1.065205 -0.919742
-34.949170 11.403333 -0.998261 -0.922670
-34.949170 11.403333 -1.125521 -0.922670
-34.093770 11.403333 -1.024245 -0.920319
-34.093770 11.403333 -1.122870 -0.920319
-33.482771 11.403333 -0.985632 -0.918645
-33.482771 11.403333 -0.760044 -0.918645
-32.627371 11.586667 -1.031674 -0.921568
-32.627371 11.586667 -1.146310 -0.921568
-31.771970 11.770000 -1.269313 -0.924502
-31.771970 11.770000 -1.075453 -0.924502
-31.038771 11.770000 -1.073777 -0.922483
-31.038771 11.770000 -1.001238 -0.922483
-30.305572 11.770000 -0.607520 -0.920468
-30.305572 11.770000 -1.095358 -0.920468
-29.572370 12.136667 -1.166935 -0.929045
-28.716970 12.320000 -1.087728 -0.932006
-28.716970 12.320000 -1.186112 -0.932006
-27.983771 12.320000 -1.264775 -0.929968
-27.983771 12.320000 -1.252069 -0.929968
-27.250571 12.503333 -1.472766 -0.933273
-27.250571 12.503333 -1.099629 -0.933273
-26.517372 12.503333 -1.079616 -0.931232
-26.517372 12.503333 -0.833146 -0.931232
-25.784172 12.686667 -0.776445 -0.934542
-25.784172 12.686667 -1.016794 -0.934542
-24.928772 12.870000 -0.729292 -0.937523
-24.928772 12.870000 -1.023500 -0.937523
-24.439972 12.870000 -0.964270 -0.936154
-24.439972 12.870000 -0.998849 -0.936154
-23.828972 13.053333 -0.558658 -0.939827
-23.340173 13.053333 -0.559605 -0.938455
-23.340173 13.053333 -1.169454 -0.938455
-22.606973 13.236667 -0.409558 -0.941794
-22.606973 13.236667 -0.845692 -0.941794
-21.995972 13.603333 -0.730324 -0.950942
-21.995972 13.603333 -0.464231 -0.950942
-21.140572 13.970000 -0.955358 -0.959485
-21.140572 13.970000 -1.187198 -0.959485
-20.407372 14.153333 -1.025945 -0.962907
-20.407372 14.153333 -0.746839 -0.962907
-19.674173 14.153333 -1.183509 -0.960794
-19.674173 14.153333 -1.225156 -0.960794
-18.940974 14.153333 -0.760909 -0.958686
-18.940974 14.153333 -0.895150 -0.958686
-18.207775 14.336667 -1.101976 -0.962104
-18.207775 14.336667 -0.706810 -0.962104
-17.474575 14.520000 -1.286186 -0.965535
-17.474575 14.520000 -0.959240 -0.965535
-16.619176 14.703333 -0.836322 -0.968625
-15.885976 14.886667 -1.165668 -0.972081
-12.464381 15.070000 -0.902054 -2.477018
-12.464381 15.070000 -0.951429 -2.477018
-12.464381 15.070000 -0.937868 -2.477018
-12.464381 15.070000 -0.701346 -2.477018
-12.464381 15.070000 -1.044983 -2.477018
-12.464381 15.070000 -1.222342 -2.477018
-12.464381 15.070000 -1.383557 -2.477018
-12.464381 15.070000 -1.577999 -2.477018
-8.065192 12.320000 -1.772111 -2.565218
-8.065192 12.320000 -1.933932 -2.565218
-7.576392 12.136667 -2.091939 -2.577692
-7.576392 12.136667 -2.522397 -2.577692
-6.965394 11.586667 -2.779258 -2.586341
-6.965394 11.586667 -2.642227 -2.586341
-6.598795 11.036667 -2.679397 -2.586769
-6.598795 11.036667 -2.811932 -2.586769
-6.354396 10.303333 2.966925 -2.579121
-6.354396 10.303333 2.604407 -2.579121
-6.232196 9.936667 2.894733 -2.575296
-6.232196 9.936667 2.653636 -2.575296
-6.476597 9.386667 2.486109 -2.555172
-6.720997 9.020000 2.759143 -2.539024
-6.720997 9.020000 2.618821 -2.539024
-6.843198 8.470000 2.564956 -2.523034
-6.843198 8.470000 2.871761 -2.523034
-7.209798 8.103333 -3.002577 -2.502833
-7.209798 8.103333 2.572383 -2.502833
-7.698599 7.553333 2.719004 -2.474674
-7.698599 7.553333 -3.110314 -2.474674
-8.065199 7.186667 2.984573 -2.454631
-8.065199 7.186667 -3.042397 -2.454631
-8.554000 6.636667 3.041911 -2.426757
-8.554000 6.636667 -2.720135 -2.426757
-8.554001 6.086667 2.685507 -2.415116
-8.554001 6.086667 -2.557176 -2.415116
-8.798402 5.353333 -2.805057 -2.391685
-8.798403 4.803333 -2.489242 -2.380180
-8.798403 4.803333 -2.314072 -2.380180
-8.798404 4.070000 -3.009383 -2.364919
-8.798404 4.070000 -2.355988 -2.364919
-8.676205 3.336667 -2.197754 -2.353673
-8.676205 3.336667 -2.816852 -2.353673
-8.676206 2.603333 3.127053 -2.338583
-8.676206 2.603333 -2.846477 -2.338583
-8.676207 2.053333 -2.895588 -2.327335
-8.676207 2.053333 -2.952169 -2.327335
-8.554008 1.320000 -2.609779 -2.316284
-8.554008 1.320000 -3.103345 -2.316284
-8.554009 0.770000 -2.659185 -2.305162
-8.554009 0.770000 -2.866109 -2.305162
-8.554010 0.036667 -3.103326 -2.290437
-8.554010 0.036667 -2.933669 -2.290437
-8.798411 -0.696667 -3.019128 -2.268322
-8.920612 -1.246667 -2.867392 -2.253788
-8.920612 -1.246667 -2.806694 -2.253788
-8.920613 -1.980000 -2.541491 -2.239518
-8.920613 -1.980000 -2.662404 -2.239518
-9.042815 -2.713333 -2.835196 -2.221750
-9.042815 -2.713333 -2.899611 -2.221750
-9.287216 -3.446667 -2.579607 -2.200627
-9.287216 -3.446667 -3.095826 -2.200627
-9.531618 -3.996667 2.688680 -2.183243
-9.531618 -3.996667 2.911870 -2.183243
-9.776019 -4.546667 -2.836520 -2.166102
-9.776019 -4.546667 -3.089574 -2.166102
-10.020420 -4.913333 -2.907291 -2.152519
-10.020420 -4.913333 -3.021424 -2.152519
-10.264822 -5.463333 2.892610 -2.135827
-10.509223 -6.013333 -2.941989 -2.119389
-10.509223 -6.013333 3.083490 -2.119389
-10.387027 -8.396667 -1.344378 -0.523599
-10.387027 -8.396667 -1.195532 -0.523599
-10.387027 -8.396667 -1.195603 -0.523599
-10.387027 -8.396667 -0.985095 -0.523599
-10.387027 -8.396667 -1.155494 -0.523599
-10.387027 -8.396667 -1.078237 -0.523599
-10.387027 -8.396667 -1.138616 -0.523599
-10.387027 -8.396667 -1.280819 -0.523599
-10.387027 -8.396667 -1.307439 -0.523599
-10.387027 -8.396667 -1.359902 -0.523599
-10.387027 -8.396667 -1.431731 -0.523599
-10.387027 -8.396667 -1.471780 -0.523599
-7.454226 -13.163333 -1.377735 -0.523599
-7.454226 -13.163333 -1.391134 -0.523599
-6.843224 -13.346667 -1.381823 -0.523599
-6.232222 -13.713333 -1.310667 -0.523599
-6.232222 -13.713333 -1.344578 -0.523599
-5.621220 -13.896667 -1.022475 -0.523599
-5.621220 -13.896667 -1.301311 -0.523599
-4.888018 -13.896667 -1.386194 -0.523599
-4.888018 -13.896667 -1.105081 -0.523599
-4.277016 -14.080000 -2.000780 -0.523599
-4.277016 -14.080000 -1.289026 -0.523599
-3.421612 -14.080000 -1.325554 -0.523599
-3.421612 -14.080000 -1.172579 -0.523599
-2.688410 -14.080000 -1.361704 -0.523599
-2.688410 -14.080000 -1.182366 -0.523599
-1.955207 -14.080000 -1.105992 -0.523599
-1.955207 -14.080000 -1.095601 -0.523599
-1.222004 -14.080000 -1.003560 -0.523599
-1.222004 -14.080000 -1.227632 -0.523599
-0.488802 -14.263333 -1.128836 -0.523599
-0.488802 -14.263333 -0.987411 -0.523599
0.122200 -14.263333 -1.126469 -0.523599
0.122200 -14.263333 -0.971192 -0.523599
0.855403 -14.263333 -0.753119 -0.523599
1.588606 -14.263333 -1.246979 -0.523599
1.588606 -14.263333 -1.227182 -0.523599
2.444009 -14.263333 -1.219176 -0.523599
2.444009 -14.263333 -0.947608 -0.523599
3.055011 -14.446667 -1.013072 -0.523599
3.055011 -14.446667 -0.955274 -0.523599
3.666013 -14.080000 -0.988101 -0.523599
3.666013 -14.080000 -0.828628 -0.523599
4.277015 -13.896667 -0.834146 -0.523599
